train time: 3946.856602668762
accuracy v: 54.124%
accuracy te: 54.057%
accuracy tr: 54.154%
confusion matrix:
[[27799     5    96    26     0    70     4    29     9    53   629     0]
 [ 5199 17526  1374   103     5    26     2     5    35   118  3392     0]
 [ 2088  1055 18908   380     3   182    17   172    78   373  5131     0]
 [  566     1   690 15114  2943  8083   926  5471   629   860   479     5]
 [    1     0   106   195 10812  3131   120    37    43    87    45    48]
 [    0     0    30    54    90 24171    34    50    17    49   248     1]
 [  108    61   234  1045  5938 14882  4278   603    71   392   596    41]
 [  304    14   407  1006  3427  8680   115  2195   283   315   665   154]
 [  217    92   566   625  2371  8121   135   635  1299   557  1091   117]
 [ 1999   515  4413  3010   909  3612   421  1402  1152  6916  2050    27]
 [ 5908   230  1122    23    12   644   134    52    67    67 27563     0]
 [    0     0     0     0  5470  1108     2     0     0     0     0   983]]
classification report:
              precision    recall  f1-score   support

           1       0.63      0.97      0.76     28720
           2       0.90      0.63      0.74     27785
           3       0.68      0.67      0.67     28387
           4       0.70      0.42      0.53     35767
           5       0.34      0.74      0.46     14625
           6       0.33      0.98      0.50     24744
           7       0.69      0.15      0.25     28249
          12       0.21      0.12      0.16     17565
          13       0.35      0.08      0.13     15826
          16       0.71      0.26      0.38     26426
          17       0.66      0.77      0.71     35822
          24       0.71      0.13      0.22      7563

    accuracy                           0.54    291479
   macro avg       0.58      0.49      0.46    291479
weighted avg       0.61      0.54      0.51    291479

