train time: 10788.26080608368
accuracy v: 76.139%
accuracy te: 76.078%
accuracy tr: 76.408%
confusion matrix:
[[28176    10     2    12     0   106     3     4     2    92   313     0]
 [ 1878 22243   995    14     0     0     0     1     0   227  2427     0]
 [ 1027   415 23033    55     0     0    18    67    28   683  3061     0]
 [   10     0    92 27876   595  2048  1502  2763    72   731    61    17]
 [    0     0    25    68 14124   102   114    72    22    57    20    21]
 [    0     0    71    75    73 24231    54    32    19    61   124     4]
 [    3    84     3   999  4309  3963 17283   890    54   185   225   251]
 [  119     3   164  1435  2498  4369   478  7435   177   511   219   157]
 [   10    33   315   852  1736  5098   381  2133  3642   947   481   198]
 [  303   198  1169  2148   731  2167   666  1055   249 16099  1602    39]
 [  525    63   447    18     0   240    51    47    62   236 34133     0]
 [    0     0     0     2  3568   429    53    26     8     0     0  3477]]
classification report:
              precision    recall  f1-score   support

           1       0.88      0.98      0.93     28720
           2       0.97      0.80      0.88     27785
           3       0.88      0.81      0.84     28387
           4       0.83      0.78      0.80     35767
           5       0.51      0.97      0.67     14625
           6       0.57      0.98      0.72     24744
           7       0.84      0.61      0.71     28249
          12       0.51      0.42      0.46     17565
          13       0.84      0.23      0.36     15826
          16       0.81      0.61      0.70     26426
          17       0.80      0.95      0.87     35822
          24       0.84      0.46      0.59      7563

    accuracy                           0.76    291479
   macro avg       0.77      0.72      0.71    291479
weighted avg       0.79      0.76      0.75    291479

