train time: 1984.8163697719574
accuracy v: 85.968%
accuracy te: 85.950%
accuracy tr: 86.860%
confusion matrix:
[[28233    20     6    13     0    48     1     2     7   193   197     0]
 [   13 26540   596     9     0     0     2     1     5   311   308     0]
 [  232   155 25157    23     0     0    13    74    15  1161  1557     0]
 [    0     0    17 30129    28   409  1907  1278   207  1744    48     0]
 [    0     0     1    83 14038     5   178   118   112    60    11    19]
 [    0     0     4   131     8 23731   238   207   155   193    75     2]
 [    0     3    47   881   244   655 24897   614   226   373   119   190]
 [   77     2    34  1464   610  1170  1370 10077  1470  1198    29    64]
 [    0    11   121   715   416  1722   654  2236  8282  1363   250    56]
 [   86    77   458  1542    57  1049  1273   750   443 19456  1213    22]
 [  114    18   387    13     0   163    56    27    84   663 34297     0]
 [    0     0     0     1  1213   134   258   175    88     4     0  5690]]
classification report:
              precision    recall  f1-score   support

           1       0.98      0.98      0.98     28720
           2       0.99      0.96      0.97     27785
           3       0.94      0.89      0.91     28387
           4       0.86      0.84      0.85     35767
           5       0.84      0.96      0.90     14625
           6       0.82      0.96      0.88     24744
           7       0.81      0.88      0.84     28249
          12       0.65      0.57      0.61     17565
          13       0.75      0.52      0.62     15826
          16       0.73      0.74      0.73     26426
          17       0.90      0.96      0.93     35822
          24       0.94      0.75      0.84      7563

    accuracy                           0.86    291479
   macro avg       0.85      0.83      0.84    291479
weighted avg       0.86      0.86      0.86    291479

