train time: 18144.648788928986
accuracy v: 97.884%
accuracy te: 97.930%
accuracy tr: 98.189%
confusion matrix:
[[28711     3     0     0     0     0     0     0     0     6     0     0]
 [    0 27625   147     1     0     0     0     0     0    12     0     0]
 [    0   101 27784     0     0     0     0     1     0     4   497     0]
 [    0     0    78 34877     1     5   705    84     5    11     1     0]
 [    0     0     0    27 14541     1    34    12    10     0     0     0]
 [    0     0     0     7     0 24676    49    10     2     0     0     0]
 [    0     0     0   641     2    39 27394   159    12     2     0     0]
 [    0     0     0   296    13    29   194 16749   212    66     0     6]
 [    0     0     1   284    24    60   150   626 14565   104     3     9]
 [    0   126     9    28     0   406    45    68    16 25548   179     1]
 [    0     0   315     0     0     1     0     1     0    12 35493     0]
 [    0     0     0     0     6    11    13    43     7     0     0  7483]]
classification report:
              precision    recall  f1-score   support

           1       1.00      1.00      1.00     28720
           2       0.99      0.99      0.99     27785
           3       0.98      0.98      0.98     28387
           4       0.96      0.98      0.97     35767
           5       1.00      0.99      1.00     14625
           6       0.98      1.00      0.99     24744
           7       0.96      0.97      0.96     28249
          12       0.94      0.95      0.95     17565
          13       0.98      0.92      0.95     15826
          16       0.99      0.97      0.98     26426
          17       0.98      0.99      0.99     35822
          24       1.00      0.99      0.99      7563

    accuracy                           0.98    291479
   macro avg       0.98      0.98      0.98    291479
weighted avg       0.98      0.98      0.98    291479

