train time: 1190.5419745445251
accuracy v: 42.895%
accuracy te: 42.730%
accuracy tr: 42.952%
confusion matrix:
[[27382   569    83   143     0     0     0    28   249    88   178     0]
 [ 1118 15511  7031    95     0     0     0    45    30   185  3770     0]
 [  545  7370 13340     6     0     0     3   126   247    37  6713     0]
 [  552  3704   315 15510  8772  2943    60  1075   147   770  1919     0]
 [    5   146     7   879 12904   405    45     5    12   182    16    19]
 [   10     5     0   154 16095  7338     1   195   174   663    70    39]
 [    6   682    44  5650 18953  1401   289   392   205   396   231     0]
 [  643   534   494  1977 10069  1568    21  1305   104   536   277    37]
 [  142   795   190  2259  8593  1056   115   681   864   359   770     2]
 [ 2357  2067  3292  2020  2807  2345     0  1277   188  6423  3650     0]
 [   12  5456  4584   384    99   194     0     1    19  1389 23684     0]
 [    0     0     0     0  7283   267    12     0     1     0     0     0]]
classification report:
              precision    recall  f1-score   support

           1       0.84      0.95      0.89     28720
           2       0.42      0.56      0.48     27785
           3       0.45      0.47      0.46     28387
           4       0.53      0.43      0.48     35767
           5       0.15      0.88      0.26     14625
           6       0.42      0.30      0.35     24744
           7       0.53      0.01      0.02     28249
          12       0.25      0.07      0.12     17565
          13       0.39      0.05      0.10     15826
          16       0.58      0.24      0.34     26426
          17       0.57      0.66      0.61     35822
          24       0.00      0.00      0.00      7563

    accuracy                           0.43    291479
   macro avg       0.43      0.39      0.34    291479
weighted avg       0.49      0.43      0.40    291479

