train time: 2655.9744906425476
accuracy v: 33.203%
accuracy te: 33.127%
accuracy tr: 33.230%
confusion matrix:
[[20114   445  8054     3     0    61     1     0     3    39     0     0]
 [ 4564 16195  6727     6     0     4    33     6     1   241     8     0]
 [ 1942 13733 12362    97     0     0   134     0     0     8   111     0]
 [ 2973  1815  5606 10057  4401  5913  3579   399   131   678   215     0]
 [   16   128   277   470 10054  3280   368    12    14     3     3     0]
 [   17   298   467   216   952 21683   366    12    37   182   514     0]
 [  284   114  1806  1211 11831  8363  3895   164    51   336   194     0]
 [  785   677  1572  1312  4651  6995   757   419    63   187   147     0]
 [  625  1166  1866   567  3195  6972   414    67   261   347   346     0]
 [ 3992  4647 10323  1815  1603  2122   876    74    37   814   123     0]
 [ 5380   894 28442    46     3   212   134     0     8     0   703     0]
 [    0     0     0     0  5728  1834     1     0     0     0     0     0]]
classification report:
              precision    recall  f1-score   support

           1       0.49      0.70      0.58     28720
           2       0.40      0.58      0.48     27785
           3       0.16      0.44      0.23     28387
           4       0.64      0.28      0.39     35767
           5       0.24      0.69      0.35     14625
           6       0.38      0.88      0.53     24744
           7       0.37      0.14      0.20     28249
          12       0.36      0.02      0.04     17565
          13       0.43      0.02      0.03     15826
          16       0.29      0.03      0.06     26426
          17       0.30      0.02      0.04     35822
          24       0.00      0.00      0.00      7563

    accuracy                           0.33    291479
   macro avg       0.34      0.32      0.24    291479
weighted avg       0.37      0.33      0.27    291479

