train time: 6590.506157875061
accuracy v: 88.424%
accuracy te: 88.487%
accuracy tr: 88.602%
confusion matrix:
[[28680     4     0     3     0     0     0     3     2    25     3     0]
 [    0 27133   572     3     0     0     0     0     1    76     0     0]
 [    0  1390 24809     6     0     0     0     1     0   101  2080     0]
 [    0     0    86 30194    58  1567  2254  1033   295   267    13     0]
 [    0     0     0   238 13840    17   261   174    48    29     0    18]
 [    0     0     0    13     6 24517   111    12    56    29     0     0]
 [    0     0     0  1703   295  1904 22758  1159   267    74    71    18]
 [    0     0    23   772  1396   529  1054 12736   562   443     0    50]
 [    0     0    11   956   772   469   785  2499  9854   406    23    51]
 [   35   202   122   166    20  2153   239   486   197 22296   507     3]
 [    0    57   320     3     0   129     0     1     9   249 35054     0]
 [    0     0     0     0   718   171   410   194    19     0     0  6051]]
classification report:
              precision    recall  f1-score   support

           1       1.00      1.00      1.00     28720
           2       0.94      0.98      0.96     27785
           3       0.96      0.87      0.91     28387
           4       0.89      0.84      0.86     35767
           5       0.81      0.95      0.87     14625
           6       0.78      0.99      0.87     24744
           7       0.82      0.81      0.81     28249
          12       0.70      0.73      0.71     17565
          13       0.87      0.62      0.73     15826
          16       0.93      0.84      0.88     26426
          17       0.93      0.98      0.95     35822
          24       0.98      0.80      0.88      7563

    accuracy                           0.88    291479
   macro avg       0.88      0.87      0.87    291479
weighted avg       0.89      0.88      0.88    291479

