train time: 3639.6917090415955
accuracy v: 84.581%
accuracy te: 84.707%
accuracy tr: 84.802%
confusion matrix:
[[28563     4     0     4     0     0     0     1     3   107    38     0]
 [    0 27036   535     3     0     0     0     0     1   158    52     0]
 [    0  2710 22570    38     0     0     7     1     4   257  2800     0]
 [    0     0    85 29224   337  1110  2487  1542   498   451    33     0]
 [    0     0     0   357 13041    36   516   303   183    39     0   150]
 [    0     0     0    12    50 24446   124    28    35    46     3     0]
 [    0     0     0  3386  1288  1509 19658  1640   386   163    42   177]
 [    0     0    57  1348  2342   558   857 10883   754   647     7   112]
 [    0     1     9  1291  1431   364   985  2306  8460   745   154    80]
 [   19   229   100   352    73  2015   255   543   391 21790   652     7]
 [    0    62   284     6     0   138     5     8    13   295 35011     0]
 [    0     0     0     0   590   100   397   168    88     0     0  6220]]
classification report:
              precision    recall  f1-score   support

           1       1.00      0.99      1.00     28720
           2       0.90      0.97      0.94     27785
           3       0.95      0.80      0.87     28387
           4       0.81      0.82      0.81     35767
           5       0.68      0.89      0.77     14625
           6       0.81      0.99      0.89     24744
           7       0.78      0.70      0.73     28249
          12       0.62      0.62      0.62     17565
          13       0.78      0.53      0.64     15826
          16       0.88      0.82      0.85     26426
          17       0.90      0.98      0.94     35822
          24       0.92      0.82      0.87      7563

    accuracy                           0.85    291479
   macro avg       0.84      0.83      0.83    291479
weighted avg       0.85      0.85      0.84    291479

