train time: 7837.255638122559
accuracy v: 89.424%
accuracy te: 89.392%
accuracy tr: 90.410%
confusion matrix:
[[28377     2     0    14     0     1     0     0     1    96   229     0]
 [   15 26700   399    11     0     0     0     0     0   148   512     0]
 [  668   214 25535     6     0     0    16     7     6   471  1464     0]
 [    0     0     6 33155    20   253  1157   578    35   518    44     1]
 [    0     0     0    66 14302     1   103    50    27    33     5    38]
 [    0     0     3   131     7 24148   164    95    27    86    82     1]
 [    0     2     3   741   154   531 25898   484   113   112    90   121]
 [   56     0    32  1411   319  1031   745 12600   604   652    10   105]
 [    0    17    79   846   230  1661   473  2437  8749  1004   203   127]
 [   69    76   375  1625    44  1038  1164   795   181 19674  1350    35]
 [   63     5   328    16     0   149    40     6    38   169 35008     0]
 [    0     0     0     0   732   117   106   144    49     1     0  6414]]
classification report:
              precision    recall  f1-score   support

           1       0.97      0.99      0.98     28720
           2       0.99      0.96      0.97     27785
           3       0.95      0.90      0.93     28387
           4       0.87      0.93      0.90     35767
           5       0.90      0.98      0.94     14625
           6       0.83      0.98      0.90     24744
           7       0.87      0.92      0.89     28249
          12       0.73      0.72      0.72     17565
          13       0.89      0.55      0.68     15826
          16       0.86      0.74      0.80     26426
          17       0.90      0.98      0.94     35822
          24       0.94      0.85      0.89      7563

    accuracy                           0.89    291479
   macro avg       0.89      0.87      0.88    291479
weighted avg       0.89      0.89      0.89    291479

