train time: 1711.3137674331665
accuracy v: 49.266%
accuracy te: 49.247%
accuracy tr: 49.284%
confusion matrix:
[[27718    43   128    43     0    10     3    29    15   144   587     0]
 [ 5302 17111  1641   110     1     0    31     9    47   353  3180     0]
 [ 1858  3196 12806   550    24   531    51   594  1296  1222  6259     0]
 [  581    17   905 13906  1553 10126  1086  4585   575  1874   530    29]
 [    4     0    22   228  9793  3916   120    34    96   196    48   168]
 [    0    70    60    67    60 24046    14    64    46   117   200     0]
 [  119    13   254  1068  4273 16978  2793   622   107  1225   751    46]
 [  272   117   410   975  2278  9567   253  1809   398   531   634   321]
 [  252   181   548   713  1463  8799   239   535   940   895   940   321]
 [ 1689   992  4532  2326   647  3897   367  1398  1409  7491  1610    68]
 [ 6077  1448  2352   108     2  1435    76    72    69   239 23944     0]
 [    0     0     0     0  4789  1562    13     1     0     9     0  1189]]
classification report:
              precision    recall  f1-score   support

           1       0.63      0.97      0.76     28720
           2       0.74      0.62      0.67     27785
           3       0.54      0.45      0.49     28387
           4       0.69      0.39      0.50     35767
           5       0.39      0.67      0.50     14625
           6       0.30      0.97      0.46     24744
           7       0.55      0.10      0.17     28249
          12       0.19      0.10      0.13     17565
          13       0.19      0.06      0.09     15826
          16       0.52      0.28      0.37     26426
          17       0.62      0.67      0.64     35822
          24       0.56      0.16      0.25      7563

    accuracy                           0.49    291479
   macro avg       0.49      0.45      0.42    291479
weighted avg       0.53      0.49      0.46    291479

