train time: 2150.02192902565
accuracy v: 22.051%
accuracy te: 22.076%
accuracy tr: 22.091%
confusion matrix:
[[17741 12760 30484 16439  4406   365 52157  4021   142    25     0   860
      0]
 [   49 20117  4178  4321     8     0    47     0     0     0     0     0
      0]
 [  297  4564 20355  2557     4     0     0     0     0     0     0     8
      0]
 [  426  1942 21412  4484     0     0     0    14     0     0     0   109
      0]
 [ 6199  3080  4388  2954  6421   295  9616  2527    97     8     0   182
      0]
 [ 1270    22   205    89   282    16 12204   518    12     1     0     6
      0]
 [ 1072    50   365   400   183    34 22038   132     9     5     0   456
      0]
 [ 2608   238   498  1264   795    75 19484  3161     2    41     0    83
      0]
 [ 2359   813  1004  1186   436    94 11175   350    95     1     0    52
      0]
 [ 1376   701  1549  1402   401    46  9755   123    64    12     0   397
      0]
 [ 2750  3974 10043  4912   973    80  3428   184     2     2     0    78
      0]
 [  157  5385 11182 18071    16     0   229   101     0     0     0   681
      0]
 [  139     0     0     0     0     0  7423     0     0     1     0     0
      0]]
classification report:
              precision    recall  f1-score   support

           0       0.49      0.13      0.20    139400
           1       0.37      0.70      0.49     28720
           2       0.19      0.73      0.31     27785
           3       0.08      0.16      0.10     28387
           4       0.46      0.18      0.26     35767
           5       0.02      0.00      0.00     14625
           6       0.15      0.89      0.26     24744
           7       0.28      0.11      0.16     28249
          12       0.22      0.01      0.01     17565
          13       0.12      0.00      0.00     15826
          16       0.00      0.00      0.00     26426
          17       0.23      0.02      0.04     35822
          24       0.00      0.00      0.00      7563

    accuracy                           0.22    430879
   macro avg       0.20      0.23      0.14    430879
weighted avg       0.30      0.22      0.17    430879

