train time: 2220.172132253647
accuracy v: 62.701%
accuracy te: 62.699%
accuracy tr: 62.779%
confusion matrix:
[[28038    18     1    26     0     0   154     4   137   289    53     0]
 [  190 19500  6713   144     1     0     2    11   322   596   306     0]
 [    0   507 22918   675     0     0    61   135    52   951  3088     0]
 [   50     3   361 17910  6412  3682  2630  2027  1582  1030    64    16]
 [    0     0    13   328 12141  1476   293   146   133    66     0    29]
 [    0     0     0    42   486 23852    47    43   153   113     8     0]
 [    0     0    19  2441 14361  4828  4693   522   823   422    68    72]
 [   36    12   124   953  6767  3230   636  2198  2016  1263   191   139]
 [   30    11   176  1166  5199  2529   840   801  3718  1065   177   114]
 [  225   327   479  1035   664  3875   452   338  1187 16463  1373     8]
 [   26   103  3652    91    15   379   114    10   336  1174 29922     0]
 [    0     0     0     0  5010  1003    53    28    68     0     0  1401]]
classification report:
              precision    recall  f1-score   support

           1       0.98      0.98      0.98     28720
           2       0.95      0.70      0.81     27785
           3       0.67      0.81      0.73     28387
           4       0.72      0.50      0.59     35767
           5       0.24      0.83      0.37     14625
           6       0.53      0.96      0.69     24744
           7       0.47      0.17      0.25     28249
          12       0.35      0.13      0.18     17565
          13       0.35      0.23      0.28     15826
          16       0.70      0.62      0.66     26426
          17       0.85      0.84      0.84     35822
          24       0.79      0.19      0.30      7563

    accuracy                           0.63    291479
   macro avg       0.63      0.58      0.56    291479
weighted avg       0.67      0.63      0.62    291479

