train time: 1909.9488730430603
accuracy v: 34.309%
accuracy te: 34.318%
accuracy tr: 34.341%
confusion matrix:
[[42229  2063 17730  6651     0 49330  3260   154   884    46  2531 14522
      0]
 [ 1339 26760   165   117     0     0     0     0    10    99    52   178
      0]
 [  782   421 20399  5227     0     0     0     0     0     0   184   772
      0]
 [  650   583  8759 11387     0     0     0     0   113     0     3  6892
      0]
 [20045   141  4137    98     0  8746   472    19   268     4    68  1769
      0]
 [ 1267     4   112     3     0 12898   289    17     3     0    17    13
      2]
 [ 1720     0     0     0     0 16045  6118     4   186    12   658     1
      0]
 [ 7610     1   567    18     0 18935   799    63    48     4    37   167
      0]
 [ 3924   417   388   515     0 10056  1252    24   583     1   197   208
      0]
 [ 4369    82   965   155     0  8455   718    69   173    57   227   556
      0]
 [ 5086  1198  3069  3597     0  2748   991     0   814     2  4708  4213
      0]
 [  963     0  6801  3853     0    99     1     0    10    17  1410 22668
      0]
 [    0     0     0     0     0  7289   265     8     0     0     0     0
      1]]
classification report:
              precision    recall  f1-score   support

           0       0.47      0.30      0.37    139400
           1       0.84      0.93      0.89     28720
           2       0.32      0.73      0.45     27785
           3       0.36      0.40      0.38     28387
           4       0.00      0.00      0.00     35767
           5       0.10      0.88      0.17     14625
           6       0.43      0.25      0.31     24744
           7       0.18      0.00      0.00     28249
          12       0.19      0.03      0.06     17565
          13       0.24      0.00      0.01     15826
          16       0.47      0.18      0.26     26426
          17       0.44      0.63      0.52     35822
          24       0.33      0.00      0.00      7563

    accuracy                           0.34    430879
   macro avg       0.34      0.33      0.26    430879
weighted avg       0.38      0.34      0.32    430879

