train time: 1528.2693688869476
accuracy v: 69.333%
accuracy te: 69.257%
accuracy tr: 69.616%
confusion matrix:
[[27544    30    44    24     0   137    10    40     8   345   538     0]
 [ 2820 22185   714    24     0     0    20     0    17   558  1447     0]
 [ 1279  2154 19522    80     0    12    51   805   157  1941  2386     0]
 [   19     0   123 23174   537  1756  1991  4104   961  3061    41     0]
 [    0     0    59   196 13343    88   292   262   125   162    21    77]
 [    0    51    27   161   105 23649   184   134   116   187   130     0]
 [   20    70    39  2257  4784  3462 13902  2103   536   806   157   113]
 [  150    10   101  1957  2525  3221   589  7011   748  1089   134    30]
 [   11    57   151   890  1695  3976   515  2599  3958  1477   457    40]
 [  401   464  1431  2684   708  1903   632  1097   913 15009  1180     4]
 [ 1737   280  1283    61     3   312   140    74   233  1156 30543     0]
 [    0     0     0    37  4487   298   310   300    95     7     0  2029]]
classification report:
              precision    recall  f1-score   support

           1       0.81      0.96      0.88     28720
           2       0.88      0.80      0.84     27785
           3       0.83      0.69      0.75     28387
           4       0.73      0.65      0.69     35767
           5       0.47      0.91      0.62     14625
           6       0.61      0.96      0.74     24744
           7       0.75      0.49      0.59     28249
          12       0.38      0.40      0.39     17565
          13       0.50      0.25      0.33     15826
          16       0.58      0.57      0.57     26426
          17       0.82      0.85      0.84     35822
          24       0.88      0.27      0.41      7563

    accuracy                           0.69    291479
   macro avg       0.69      0.65      0.64    291479
weighted avg       0.71      0.69      0.68    291479

