train time: 4745.758200645447
accuracy v: 31.157%
accuracy te: 31.205%
accuracy tr: 31.272%
confusion matrix:
[[33963  2116 21031  9846   324 48502  1298   123  1757   490  1522 15387
   3041]
 [  775 26583   725   144     0     0     0     0    28   241     0   224
      0]
 [  192   419 14292  8866     0     0     0     0     0     0   224  3792
      0]
 [  310   572  5637 14182    16     0     0     0   199   392   270  6809
      0]
 [17031   153  5311   530   987  8656   339     4   367    54   245  1870
    220]
 [ 1168     4   138    12    42 12173    51     0     2     0    30    15
    990]
 [ 1685     0     7     0    15 15452  5068     0   184     4   396   272
   1661]
 [ 7062     1   576   108   212 18569    74     3   226     8    73   189
   1148]
 [ 2742   456   879   592    24  9766    80     0   850   101   282   298
   1495]
 [ 3499    68  1006   252     8  8064    16     0   414   174   270   756
   1299]
 [ 3471  1335  2930  4603     4  2691   552     0   935    16  3098  6276
    515]
 [  926     0  4586  5992     0    99    39     0    10    18  1387 22765
      0]
 [    0     0     0     0     0  7245     0     0     0     0     0     0
    318]]
classification report:
              precision    recall  f1-score   support

           0       0.47      0.24      0.32    139400
           1       0.84      0.93      0.88     28720
           2       0.25      0.51      0.34     27785
           3       0.31      0.50      0.39     28387
           4       0.60      0.03      0.05     35767
           5       0.09      0.83      0.17     14625
           6       0.67      0.20      0.31     24744
           7       0.02      0.00      0.00     28249
          12       0.17      0.05      0.08     17565
          13       0.12      0.01      0.02     15826
          16       0.40      0.12      0.18     26426
          17       0.39      0.64      0.48     35822
          24       0.03      0.04      0.03      7563

    accuracy                           0.31    430879
   macro avg       0.34      0.32      0.25    430879
weighted avg       0.41      0.31      0.29    430879

