train time: 7111.548370361328
accuracy v: 52.337%
accuracy te: 52.365%
accuracy tr: 52.507%
confusion matrix:
[[27726    24    41     6     0    43     6    81     0   126   667     0]
 [ 6216 17887   703    13     2     0     1     0    10    52  2901     0]
 [ 2707  1562 16357   101     2   182    10    48    43   494  6881     0]
 [ 1372    15   706 12918  3742  8832   623  5993   194   844   522     6]
 [    5     0    79   108 11949  2319    55    28    16    27    36     3]
 [    0    76    18    42   127 23977    18    32     8    62   384     0]
 [   60   106   284   543  8747 12977  3763   718    47   229   771     4]
 [  397    88   268   697  3599  8361   161  2821   102   314   713    44]
 [  365    70   536   446  2509  7929   179   843  1140   611  1133    65]
 [ 2876   675  3921  2222  1127  3459   348  1487   566  7120  2608    17]
 [ 7038   793   736    13    11   329    25    22    30    52 26773     0]
 [    0     0     0     0  6395   967     0     0     0     0     0   201]]
classification report:
              precision    recall  f1-score   support

           1       0.57      0.97      0.72     28720
           2       0.84      0.64      0.73     27785
           3       0.69      0.58      0.63     28387
           4       0.76      0.36      0.49     35767
           5       0.31      0.82      0.45     14625
           6       0.35      0.97      0.51     24744
           7       0.73      0.13      0.23     28249
          12       0.23      0.16      0.19     17565
          13       0.53      0.07      0.13     15826
          16       0.72      0.27      0.39     26426
          17       0.62      0.75      0.68     35822
          24       0.59      0.03      0.05      7563

    accuracy                           0.52    291479
   macro avg       0.58      0.48      0.43    291479
weighted avg       0.61      0.52      0.49    291479

