train time: 4203.311270713806
accuracy v: 67.135%
accuracy te: 67.129%
accuracy tr: 67.157%
confusion matrix:
[[28395    54     1     0     0     0     0     0     6   212    52     0]
 [  351 23382  3605    25     0     0     2     1     7   364    48     0]
 [    0  3432 21120   144     0     0    15    20    76   349  3231     0]
 [   45    86   734 20833  3305  3921  2048  2366  1152   975   298     4]
 [    0     0     0   490  9655  3350   412   307    93    58     4   256]
 [    0     0     0    32   174 24320    50    75    17    70     6     0]
 [    1     1    26  2262  9597  6805  7260  1080   249   414   155   399]
 [   41    18   163   958  4873  4759   572  4668   416   858   167    72]
 [   68    33   131  1081  3445  3771   750  2270  2883   941   379    74]
 [  287   503  1033   434   550  4175   180  1288   808 15834  1326     8]
 [   16   200   511    20     0   278    18    69    73   358 34279     0]
 [    0     0     0    20  2774  1337   328    66     0     0     0  3038]]
classification report:
              precision    recall  f1-score   support

           1       0.97      0.99      0.98     28720
           2       0.84      0.84      0.84     27785
           3       0.77      0.74      0.76     28387
           4       0.79      0.58      0.67     35767
           5       0.28      0.66      0.39     14625
           6       0.46      0.98      0.63     24744
           7       0.62      0.26      0.36     28249
          12       0.38      0.27      0.31     17565
          13       0.50      0.18      0.27     15826
          16       0.77      0.60      0.68     26426
          17       0.86      0.96      0.90     35822
          24       0.79      0.40      0.53      7563

    accuracy                           0.67    291479
   macro avg       0.67      0.62      0.61    291479
weighted avg       0.71      0.67      0.66    291479

