train time: 13353.973452806473
accuracy v: 89.402%
accuracy te: 89.417%
accuracy tr: 90.050%
confusion matrix:
[[117117    737   1696   1614   3580    114   2457   1372   4311   1074
    1669   3215    444]
 [    78  28641      1      0      0      0      0      0      0      0
       0      0      0]
 [    56      0  27614     85      0      0      0      0      0      0
      30      0      0]
 [   198      0    491  26492      0      0      0      0      0      0
       7   1199      0]
 [  2426      0      0     63  32159      0     40    879    193      5
       2      0      0]
 [   577      0      0      0     24  13923      0     58     32      8
       0      0      3]
 [   276      0      0      0      0      0  24404     51      9      0
       4      0      0]
 [  1383      0      0      0    847      3    116  25673    210      8
       2      0      7]
 [  3050      0      0      0    209     14     53    209  13918     62
      37      0     13]
 [  4433      0      0      0    216     35     84    101    625  10248
      65      1     18]
 [  2964      0     49     10     10      1    602     27     75      6
   22465    214      3]
 [   126      0     15    285      0      0     10      0      1      0
      37  35348      0]
 [   188      0      0      0      0     11     18     16     46      5
       0      0   7279]]
classification report:
              precision    recall  f1-score   support

           0       0.88      0.84      0.86    139400
           1       0.97      1.00      0.99     28720
           2       0.92      0.99      0.96     27785
           3       0.93      0.93      0.93     28387
           4       0.87      0.90      0.88     35767
           5       0.99      0.95      0.97     14625
           6       0.88      0.99      0.93     24744
           7       0.90      0.91      0.91     28249
          12       0.72      0.79      0.75     17565
          13       0.90      0.65      0.75     15826
          16       0.92      0.85      0.89     26426
          17       0.88      0.99      0.93     35822
          24       0.94      0.96      0.95      7563

    accuracy                           0.89    430879
   macro avg       0.90      0.90      0.90    430879
weighted avg       0.90      0.89      0.89    430879

