train time: 3639.474489927292
accuracy v: 88.119%
accuracy te: 88.095%
accuracy tr: 89.087%
confusion matrix:
[[28280    12     1    39     0     3     0     0     2   136   247     0]
 [   16 26695   446    14     0     0     2     0     1   172   439     0]
 [  347   171 25592    14     0     0    18    27     6   710  1502     0]
 [    0     0    11 31563    23   277  2009   824    97   925    38     0]
 [    0     0     1    73 14179     3   140    57    50    51     3    68]
 [    0     0     5   120    11 23977   230   113    62   124    98     4]
 [    0    24     9   565   163   569 25812   445   110   265   114   173]
 [   68     0    38  1514   404  1219   892 11377  1064   839    21   129]
 [    0     8   119   785   276  1695   582  2393  8375  1225   215   153]
 [   75    74   355  1590    50  1047  1135   898   235 19814  1117    36]
 [   74     6   355    13     0   172    41    10    59   359 34733     0]
 [    0     0     0     1   723   107   117   149    81     3     0  6382]]
classification report:
              precision    recall  f1-score   support

           1       0.98      0.98      0.98     28720
           2       0.99      0.96      0.97     27785
           3       0.95      0.90      0.93     28387
           4       0.87      0.88      0.88     35767
           5       0.90      0.97      0.93     14625
           6       0.82      0.97      0.89     24744
           7       0.83      0.91      0.87     28249
          12       0.70      0.65      0.67     17565
          13       0.83      0.53      0.65     15826
          16       0.80      0.75      0.78     26426
          17       0.90      0.97      0.93     35822
          24       0.92      0.84      0.88      7563

    accuracy                           0.88    291479
   macro avg       0.87      0.86      0.86    291479
weighted avg       0.88      0.88      0.88    291479

