train time: 13976.462668657303
accuracy v: 89.951%
accuracy te: 89.983%
accuracy tr: 91.019%
confusion matrix:
[[28407     1     0    13     0     1     0     0     1    93   204     0]
 [   15 26998   263    10     0     0     0     0     0   195   304     0]
 [  632   173 25677     4     0     0    13     2     0   493  1393     0]
 [    0     0     3 32976    16   244  1485   484    24   492    43     0]
 [    0     0     0    58 14317     2   100    51    32    37     5    23]
 [    0     0     4   103     6 24181   186   112    22    69    57     4]
 [    0     5     2   493   119   409 26490   404    67    82    96    82]
 [   70     0    21  1253   259   909   862 13101   398   555    14   123]
 [    1     6    62   795   186  1624   532  2619  8609  1060   206   126]
 [   70    67   262  1377    40  1051  1264   846   114 19962  1329    44]
 [   62     2   306    15     0   168    41     4    32   177 35015     0]
 [    0     0     0     0   574   124   103   153    59     0     0  6550]]
classification report:
              precision    recall  f1-score   support

           1       0.97      0.99      0.98     28720
           2       0.99      0.97      0.98     27785
           3       0.97      0.90      0.93     28387
           4       0.89      0.92      0.91     35767
           5       0.92      0.98      0.95     14625
           6       0.84      0.98      0.90     24744
           7       0.85      0.94      0.89     28249
          12       0.74      0.75      0.74     17565
          13       0.92      0.54      0.68     15826
          16       0.86      0.76      0.80     26426
          17       0.91      0.98      0.94     35822
          24       0.94      0.87      0.90      7563

    accuracy                           0.90    291479
   macro avg       0.90      0.88      0.88    291479
weighted avg       0.90      0.90      0.90    291479

