train time: 39361.19487452507
accuracy v: 77.650%
accuracy te: 77.810%
accuracy tr: 77.938%
confusion matrix:
[[78624  1942  2846  3232  6182  3789  6120 11133 14091  2303  3257  5213
    668]
 [   18 28693     4     0     0     0     0     0     0     0     1     4
      0]
 [   33     0 27373   363     0     0     0     0     0     0    16     0
      0]
 [  121     0  1378 25421     0     0     0     0     0     0    22  1445
      0]
 [ 2073     0     0    86 29383    19  1215  1732  1147    89    22     1
      0]
 [  402     0     0     0    59 13896    24   118   109    15     0     0
      2]
 [  155     0     0     0     8     8 24442   119    11     0     1     0
      0]
 [  586     0     0     0   902   167  1266 23970  1199    37     3    23
     96]
 [ 1303     0     0    27   353   706   373   326 14323    76    36     0
     42]
 [ 2984     0     0     4   411   562   467   381  2959  7931    94     2
     31]
 [ 3248    50   273   141    43    24  2500    85   450    20 19202   383
      7]
 [   62     0    61   333     0     0    50     1     3     0    44 35268
      0]
 [   49     0     0     0     0   228   172   215   155     3     0     0
   6741]]
classification report:
              precision    recall  f1-score   support

           0       0.88      0.56      0.69    139400
           1       0.94      1.00      0.97     28720
           2       0.86      0.99      0.92     27785
           3       0.86      0.90      0.88     28387
           4       0.79      0.82      0.80     35767
           5       0.72      0.95      0.82     14625
           6       0.67      0.99      0.80     24744
           7       0.63      0.85      0.72     28249
          12       0.42      0.82      0.55     17565
          13       0.76      0.50      0.60     15826
          16       0.85      0.73      0.78     26426
          17       0.83      0.98      0.90     35822
          24       0.89      0.89      0.89      7563

    accuracy                           0.78    430879
   macro avg       0.77      0.84      0.79    430879
weighted avg       0.81      0.78      0.77    430879

