train time: 13371.751886367798
accuracy v: 53.914%
accuracy te: 53.973%
accuracy tr: 54.008%
confusion matrix:
[[36290  3196  4024  4335  9186 32370 16416  3864  7705  3493  6412 11292
    817]
 [  287 28393    18     0     0     0     0     0     3     5     0    14
      0]
 [   70    17 26169  1345     0     0     0     0     0     0   123    61
      0]
 [  726     0  1978 22465     2     0     0     0     7     6   129  3074
      0]
 [ 3352    32     0   137 19426  4159  4047  1203  1727   942   505   208
     29]
 [  350     0     0     3    91 12478  1366   114   127    34     3     4
     55]
 [   48     0     0     0    26   272 24338     2     5    43    10     0
      0]
 [  958     0     0    10  1514 12096  6067  6563   537   103   131   118
    152]
 [ 1394    32    15   150   793  6336  3685   163  4214   234   373    42
    134]
 [ 2178    48     5    53   751  4971  2921   320  1000  2831   455   149
    144]
 [ 4075   311   611   880   192   445  4922    31  1504   318 11909  1213
     15]
 [  200     0    75   489     0     0   381     8    15    10   146 34498
      0]
 [   22     0     0     0     0  3668   874    13     0     0     0     0
   2986]]
classification report:
              precision    recall  f1-score   support

           0       0.73      0.26      0.38    139400
           1       0.89      0.99      0.93     28720
           2       0.80      0.94      0.86     27785
           3       0.75      0.79      0.77     28387
           4       0.61      0.54      0.57     35767
           5       0.16      0.85      0.27     14625
           6       0.37      0.98      0.54     24744
           7       0.53      0.23      0.32     28249
          12       0.25      0.24      0.24     17565
          13       0.35      0.18      0.24     15826
          16       0.59      0.45      0.51     26426
          17       0.68      0.96      0.80     35822
          24       0.69      0.39      0.50      7563

    accuracy                           0.54    430879
   macro avg       0.57      0.60      0.54    430879
weighted avg       0.64      0.54      0.53    430879

