train time: 16042.23297381401
accuracy v: 71.686%
accuracy te: 71.655%
accuracy tr: 71.787%
confusion matrix:
[[28606     2     0     0     0     0     0     1     1    93    17     0]
 [   27 25858  1850     5     0     0     0     0     4    31    10     0]
 [    0  1246 25179    11     0     0     0    35     0   142  1774     0]
 [   19     0   404 20917  4220  4266  1397  2901   959   584    55    45]
 [    0     0     0   154 12273  1759   206   127    19    13     0    74]
 [    0     0     0     0   194 24481     1    56     1    11     0     0]
 [    0     0    14   987 11940  6171  7190  1159   154   193    60   381]
 [   19    26    94   517  5922  4018    62  6007   111   431    78   280]
 [   23     2    89   781  5161  2610   178  2016  3847   620   206   293]
 [  212   612   887   166   441  4853    40   910   397 16634  1264    10]
 [    4    34  1355     1     0   285     1    18    11   161 33952     0]
 [    0     0     0     0  2750   897     0     2     0     0     0  3914]]
classification report:
              precision    recall  f1-score   support

           1       0.99      1.00      0.99     28720
           2       0.93      0.93      0.93     27785
           3       0.84      0.89      0.86     28387
           4       0.89      0.58      0.71     35767
           5       0.29      0.84      0.43     14625
           6       0.50      0.99      0.66     24744
           7       0.79      0.25      0.39     28249
          12       0.45      0.34      0.39     17565
          13       0.70      0.24      0.36     15826
          16       0.88      0.63      0.73     26426
          17       0.91      0.95      0.93     35822
          24       0.78      0.52      0.62      7563

    accuracy                           0.72    291479
   macro avg       0.75      0.68      0.67    291479
weighted avg       0.79      0.72      0.71    291479

