train time: 7566.357551336288
accuracy v: 87.183%
accuracy te: 87.312%
accuracy tr: 87.839%
confusion matrix:
[[118861    671   1275   1291   2784    263   2593   1552   3579   1283
    2296   2686    266]
 [    95  28620      4      0      0      0      0      0      0      0
       1      0      0]
 [   297      1  27336    117      0      0      0      0      0      0
      34      0      0]
 [   665      0    360  25339      2      0      0      0      0      0
     217   1804      0]
 [  5257      0      0      7  28924      2     62   1203    228     41
      43      0      0]
 [   680      0      0      0     57  13712      3     95     47     26
       3      0      2]
 [   360      0      0      0      0      0  24318     50      4      0
      12      0      0]
 [  2371      0      0      0    956     28     38  24472    315     56
       2      0     11]
 [  5107      0      0      0    218     54     34    273  11707    132
      33      0      7]
 [  5775      0      0      0    179     87     60    146    479   9024
      65      0     11]
 [  3823      1     53     32     15      0    422     24     64     24
   21701    266      1]
 [   330      0      1    251      1      0     29      0      0      2
      89  35119      0]
 [   373      0      0      0      0     37     12     25     21     20
       0      0   7075]]
classification report:
              precision    recall  f1-score   support

           0       0.83      0.85      0.84    139400
           1       0.98      1.00      0.99     28720
           2       0.94      0.98      0.96     27785
           3       0.94      0.89      0.91     28387
           4       0.87      0.81      0.84     35767
           5       0.97      0.94      0.95     14625
           6       0.88      0.98      0.93     24744
           7       0.88      0.87      0.87     28249
          12       0.71      0.67      0.69     17565
          13       0.85      0.57      0.68     15826
          16       0.89      0.82      0.85     26426
          17       0.88      0.98      0.93     35822
          24       0.96      0.94      0.95      7563

    accuracy                           0.87    430879
   macro avg       0.89      0.87      0.88    430879
weighted avg       0.87      0.87      0.87    430879

