train time: 23353.01240515709
accuracy v: 76.053%
accuracy te: 76.097%
accuracy tr: 76.260%
confusion matrix:
[[73764  1775  3399  2565  7424  2823  6007 14061 12544  2847  4633  6947
    611]
 [   86 28617     4     0     0     0     0     0     0     0     3    10
      0]
 [   77     0 27350   324     0     0     0     0     0     0    33     1
      0]
 [  302     0  1670 23967     1     0     0     0     0     0    31  2416
      0]
 [ 1960     0     0    83 29506    23   806  2076  1064   108   138     3
      0]
 [  569     0     0     0    51 13698     3   142   116    41     0     0
      5]
 [  165     0     0     0    10     6 24433   114    12     1     3     0
      0]
 [  877     0     0     0  1129    71   943 23813  1267    92    19    15
     23]
 [ 1833     0     0    30   456   659   306   698 13251   187   110     0
     35]
 [ 3026     0     0     6   589   576   478   479  2492  8014   127     7
     32]
 [ 2908    46   257   125    41     7  2513   119   337    47 19699   325
      2]
 [  157     0    54   296     0     0    92     0     8     0    67 35148
      0]
 [   44     0     0     0     0   186   153   380   173     2     0     0
   6625]]
classification report:
              precision    recall  f1-score   support

           0       0.86      0.53      0.66    139400
           1       0.94      1.00      0.97     28720
           2       0.84      0.98      0.90     27785
           3       0.87      0.84      0.86     28387
           4       0.75      0.82      0.79     35767
           5       0.76      0.94      0.84     14625
           6       0.68      0.99      0.81     24744
           7       0.57      0.84      0.68     28249
          12       0.42      0.75      0.54     17565
          13       0.71      0.51      0.59     15826
          16       0.79      0.75      0.77     26426
          17       0.78      0.98      0.87     35822
          24       0.90      0.88      0.89      7563

    accuracy                           0.76    430879
   macro avg       0.76      0.83      0.78    430879
weighted avg       0.79      0.76      0.76    430879

