train time: 6126.536705493927
accuracy v: 76.724%
accuracy te: 76.750%
accuracy tr: 77.063%
confusion matrix:
[[28089    29     5    23     0    72     3    32     3   117   347     0]
 [ 2032 22606   799    16     0     0     7     0     2   248  2075     0]
 [ 1105   454 23479    47     0     3    25   147    60   756  2311     0]
 [   11     0    71 26482   395  1854  2377  3261   174  1068    59    15]
 [    0     0    53   167 13894   113   153   106    19    64    18    38]
 [    0     0    28    84    61 24252    87    38    26    68    99     1]
 [    3    48     4   710  2340  3399 20132   875    65   231   218   224]
 [  118     2    81  1485  1812  4087   828  7903   279   735   125   110]
 [    9    33   285   822  1307  5263   486  2492  3475  1066   422   166]
 [  338   181  1089  2349   472  2113   912  1050   353 16007  1533    29]
 [  718    25   569    11     0   299    75    55    61   303 33706     0]
 [    0     0     0     1  3176   425   158    85    34     0     0  3684]]
classification report:
              precision    recall  f1-score   support

           1       0.87      0.98      0.92     28720
           2       0.97      0.81      0.88     27785
           3       0.89      0.83      0.86     28387
           4       0.82      0.74      0.78     35767
           5       0.59      0.95      0.73     14625
           6       0.58      0.98      0.73     24744
           7       0.80      0.71      0.75     28249
          12       0.49      0.45      0.47     17565
          13       0.76      0.22      0.34     15826
          16       0.77      0.61      0.68     26426
          17       0.82      0.94      0.88     35822
          24       0.86      0.49      0.62      7563

    accuracy                           0.77    291479
   macro avg       0.77      0.73      0.72    291479
weighted avg       0.79      0.77      0.76    291479

