train time: 1348.748408794403
accuracy v: 35.867%
accuracy te: 35.860%
accuracy tr: 35.907%
confusion matrix:
[[16293  7941  4214 13516  7892 19311 40117  1287  7026  2152  6488 13145
     18]
 [  287 27384   250   131    94     1    85     7   110     8   119   244
      0]
 [  254 14288  8985  1034    84    20    41    36     1    21    38  2983
      0]
 [ 1238  1876  1603 18207   153   552   471    25   515   244   279  3224
      0]
 [ 1889   595    67  1736 12369  2392  9537   542  4370   406  1456   408
      0]
 [  208     1     0    69   212 12009  1681   153    87    72   101    29
      3]
 [  103     6     2     6    77   102 24071    16    14    27    65   255
      0]
 [  839   175   146   360   494  5623 14679  3342  1409    91   478   604
      9]
 [  756   359    45   514  1143  3679  7696    74  2080   298   389   519
     13]
 [ 1090   253    84   556   595  2649  7427   136   722   789   621   904
      0]
 [ 2786  1742  1251  4096  2462   703  3654   188   872   713  5595  2363
      1]
 [  900  4307  4918   911    27    38   974    57    68    81   158 23383
      0]
 [   80     0     0     0     1  6049  1414     5     6     0     0     0
      8]]
classification report:
              precision    recall  f1-score   support

           0       0.61      0.12      0.20    139400
           1       0.46      0.95      0.62     28720
           2       0.42      0.32      0.36     27785
           3       0.44      0.64      0.52     28387
           4       0.48      0.35      0.40     35767
           5       0.23      0.82      0.35     14625
           6       0.22      0.97      0.35     24744
           7       0.57      0.12      0.20     28249
          12       0.12      0.12      0.12     17565
          13       0.16      0.05      0.08     15826
          16       0.35      0.21      0.27     26426
          17       0.49      0.65      0.56     35822
          24       0.15      0.00      0.00      7563

    accuracy                           0.36    430879
   macro avg       0.36      0.41      0.31    430879
weighted avg       0.46      0.36      0.31    430879

