train time: 4366.097729682922
accuracy v: 56.505%
accuracy te: 56.525%
accuracy tr: 56.638%
confusion matrix:
[[43484  2494  1609  5274  9348 10184 21304  6116 14981  3121  8589  9887
   3009]
 [  377 27748    89     9    32     0    28     1     4     4    69   359
      0]
 [ 1441  1932 20756   548     6     0     0     1     0     5   201  2895
      0]
 [ 2476   956  2302 18563    42     0     1    18   271    58   851  2849
      0]
 [ 3215    15     0    34 21046   341  2373  2461  4712   355  1150    52
     13]
 [  242     0     0    16    87 13675    70   158   138    53    51    16
    119]
 [  273     0     1    14    69    50 23918    67   106    40    66   137
      3]
 [  909     6    98    10   820  2648  4007 17072  1891   111   284   196
    197]
 [ 1885   125     7    51  1241  1463  3524   546  7899   359   304    74
     87]
 [ 2347     7    17   157   615  1182  4636   314  2875  2566   603   385
    122]
 [ 6393   278   168   893  1675   438  2154   766  1299   506 10302  1525
     29]
 [  782   482    43   393    19     0   297    60    49   121   295 33281
      0]
 [   53     0     0     0     3  3473   380   175   174    60     0     0
   3245]]
classification report:
              precision    recall  f1-score   support

           0       0.68      0.31      0.43    139400
           1       0.82      0.97      0.88     28720
           2       0.83      0.75      0.79     27785
           3       0.72      0.65      0.68     28387
           4       0.60      0.59      0.59     35767
           5       0.41      0.94      0.57     14625
           6       0.38      0.97      0.55     24744
           7       0.62      0.60      0.61     28249
          12       0.23      0.45      0.30     17565
          13       0.35      0.16      0.22     15826
          16       0.45      0.39      0.42     26426
          17       0.64      0.93      0.76     35822
          24       0.48      0.43      0.45      7563

    accuracy                           0.57    430879
   macro avg       0.55      0.63      0.56    430879
weighted avg       0.61      0.57      0.55    430879

