train time: 428.3560252189636
accuracy v: 34.671%
accuracy te: 34.609%
accuracy tr: 34.644%
confusion matrix:
[[41208 13199 22654  2006  6168   332 22027 19279   137     5   293 12092
      0]
 [  139 24085  3883     0     4     0    58     0     0     0     0   551
      0]
 [  368  5089 19315   101     4     0     0     0     0     0     0  2908
      0]
 [ 1074  4609 17594  1587     6     0     0     0     0     0   103  3414
      0]
 [10692  2968  2739   173  7869   275  4104  4297    41     8    45  2556
      0]
 [ 2186    45   116     0   418     8  3847  7935    26     0     0    44
      0]
 [ 2068    78   171     0   603    16 20733   537     0     0    17   521
      0]
 [ 6137   133   390   187  1406    72  6410 12913   104     0     1   496
      0]
 [ 5388   941   703   110  1140    83  5700  2799   211     1     5   484
      0]
 [ 4246   845   781   185   799    31  6398  1394   145     5     0   997
      0]
 [ 6238  4364  6694   435  1208    80  1710  1073     0     0    80  4544
      0]
 [  590  7166  6283   222    26     0   364    32     0     0    32 21107
      0]
 [ 2261     0     0     0   125     0  2101  2770   306     0     0     0
      0]]
classification report:
              precision    recall  f1-score   support

           0       0.50      0.30      0.37    139400
           1       0.38      0.84      0.52     28720
           2       0.24      0.70      0.35     27785
           3       0.32      0.06      0.10     28387
           4       0.40      0.22      0.28     35767
           5       0.01      0.00      0.00     14625
           6       0.28      0.84      0.42     24744
           7       0.24      0.46      0.32     28249
          12       0.22      0.01      0.02     17565
          13       0.26      0.00      0.00     15826
          16       0.14      0.00      0.01     26426
          17       0.42      0.59      0.49     35822
          24       0.00      0.00      0.00      7563

    accuracy                           0.35    430879
   macro avg       0.26      0.31      0.22    430879
weighted avg       0.35      0.35      0.29    430879

