train time: 576.4422497749329
accuracy v: 38.039%
accuracy te: 37.916%
accuracy tr: 38.019%
confusion matrix:
[[24155   369  4063     3     0    61     1     0     3    39    26     0]
 [ 5102 16137  4871     6     0     4    33     6     1   241  1384     0]
 [ 5817 10624 11019    97     0     1   134     0     0     8   687     0]
 [ 3782  1125  5296 10060  3900  6414  3579   399   134   686   392     0]
 [  106    38   269   470  9886  3452   368    12    14     3     7     0]
 [  155   260   217   216   899 21737   366    12    37   184   661     0]
 [  284   114  1783  1211 11452  8742  3895   164    51   336   217     0]
 [ 1111   398  1223  1324  4118  7530   757   426    65   196   417     0]
 [ 1029   832  1400   569  2880  7292   414    67   264   375   704     0]
 [ 5844  3409  9038  1828  1534  2195   876    76    44   843   739     0]
 [ 8981   579 13764    46     3   212   134     0     8     1 12094     0]
 [    0     0     0     0  5677  1885     1     0     0     0     0     0]]
classification report:
              precision    recall  f1-score   support

           1       0.43      0.84      0.57     28720
           2       0.48      0.58      0.52     27785
           3       0.21      0.39      0.27     28387
           4       0.64      0.28      0.39     35767
           5       0.25      0.68      0.36     14625
           6       0.37      0.88      0.52     24744
           7       0.37      0.14      0.20     28249
          12       0.37      0.02      0.05     17565
          13       0.43      0.02      0.03     15826
          16       0.29      0.03      0.06     26426
          17       0.70      0.34      0.46     35822
          24       0.00      0.00      0.00      7563

    accuracy                           0.38    291479
   macro avg       0.38      0.35      0.28    291479
weighted avg       0.42      0.38      0.33    291479

