train time: 9.209947347640991
accuracy v: 38.470%
accuracy te: 38.413%
accuracy tr: 38.442%
confusion matrix:
[[98724  3002     0     0     0     0 18075     0     0     0     0 19599
      0]
 [  667 25228     0     0     0     0  1233     0     0     0     0  1592
      0]
 [ 1281  4462     0     0     0     0   807     0     0     0     0 21235
      0]
 [ 8368  1332     0     0     0     0   537     0     0     0     0 18150
      0]
 [33613     0     0     0     0     0  1882     0     0     0     0   272
      0]
 [12623    23     0     0     0     0  1834     0     0     0     0   145
      0]
 [ 5722    10     0     0     0     0 18804     0     0     0     0   208
      0]
 [25646   155     0     0     0     0  2230     0     0     0     0   218
      0]
 [16351     0     0     0     0     0   749     0     0     0     0   465
      0]
 [10372    24     0     0     0     0  4829     0     0     0     0   601
      0]
 [18923   305     0     0     0     0  3818     0     0     0     0  3380
      0]
 [ 3787  2836     0     0     0     0  6440     0     0     0     0 22759
      0]
 [ 6195     0     0     0     0     0  1368     0     0     0     0     0
      0]]
classification report:
              precision    recall  f1-score   support

           0       0.41      0.71      0.52    139400
           1       0.67      0.88      0.76     28720
           2       0.00      0.00      0.00     27785
           3       0.00      0.00      0.00     28387
           4       0.00      0.00      0.00     35767
           5       0.00      0.00      0.00     14625
           6       0.30      0.76      0.43     24744
           7       0.00      0.00      0.00     28249
          12       0.00      0.00      0.00     17565
          13       0.00      0.00      0.00     15826
          16       0.00      0.00      0.00     26426
          17       0.26      0.64      0.37     35822
          24       0.00      0.00      0.00      7563

    accuracy                           0.38    430879
   macro avg       0.13      0.23      0.16    430879
weighted avg       0.22      0.38      0.27    430879

