train time: 58.1583616733551
accuracy v: 55.436%
accuracy te: 55.405%
accuracy tr: 55.456%
confusion matrix:
[[96432     0   685 13231 19233   439  1058     0     0     0  4364  3953
      5]
 [ 1050 25749   244  1395    64     4     0     0     0     0    64   150
      0]
 [ 2924     0 23628   677    31     1     0     0     0     0   188   336
      0]
 [ 9707     0   342 18001   130     0     0     0     0     0     1   206
      0]
 [13335     0    13   198 21515    25   395     0     0     0   253    33
      0]
 [ 3230     0     7   125  5494  5149   406     0     0     0   141    69
      4]
 [ 5863     0     0     0  1479    45 16436     0     0     0   383   538
      0]
 [ 8635     0    22   190 18070   359   666     0     0     0   211    96
      0]
 [ 8775     0     0   201  7642    96   192     0     0     0   619    40
      0]
 [ 6222     0    12   254  7815   843   276     0     0     0   250   154
      0]
 [12214     0    89   501   988     2   613     0     0     0  9377  2642
      0]
 [ 8307     0    85  4126   100     0   250     0     0     0   623 22331
      0]
 [ 2350     0     0     0  1869  2757   478     0     0     0     0     0
    109]]
classification report:
              precision    recall  f1-score   support

           0       0.54      0.69      0.61    139400
           1       1.00      0.90      0.95     28720
           2       0.94      0.85      0.89     27785
           3       0.46      0.63      0.54     28387
           4       0.25      0.60      0.36     35767
           5       0.53      0.35      0.42     14625
           6       0.79      0.66      0.72     24744
           7       0.00      0.00      0.00     28249
          12       0.00      0.00      0.00     17565
          13       0.00      0.00      0.00     15826
          16       0.57      0.35      0.44     26426
          17       0.73      0.62      0.67     35822
          24       0.92      0.01      0.03      7563

    accuracy                           0.55    430879
   macro avg       0.52      0.44      0.43    430879
weighted avg       0.53      0.55      0.52    430879

