train time: 64.36253237724304
accuracy v: 87.077%
accuracy te: 87.222%
accuracy tr: 90.374%
confusion matrix:
[[125878     91    159    981   2864    178   1110   1564   1888    842
    2996    718    131]
 [   263  28286      6     31      3      0      3      4      6      3
      69     46      0]
 [   396      8  27086    135      8      1      0      8      1      2
      71     69      0]
 [  1118      8     42  26572     14      6      1     17      4      4
     397    204      0]
 [  4378      0      1     14  29668     21     86    650    336    103
     476     24     10]
 [   777      0      1      7     54  13276     16    159     88     61
      43      1    142]
 [  1716      0      1      3    121     26  21885    216    232    253
     193     70     28]
 [  2445      0      6      7    636     92    180  24053    291    138
     287     46     68]
 [  4310      6      1     36    730     61    235    485  10799    393
     447     24     38]
 [  3346      6     16     38    348     58    452    316    788   9920
     390     98     50]
 [  5797     29     46    263    773     30    379    550    314    222
   17738    269     16]
 [   969     32     46    182     34      8     78     72     15     76
     199  34111      0]
 [   438      0      0      0      5    190     38    131    109     74
      25      2   6551]]
classification report:
              precision    recall  f1-score   support

           0       0.83      0.90      0.86    139400
           1       0.99      0.98      0.99     28720
           2       0.99      0.97      0.98     27785
           3       0.94      0.94      0.94     28387
           4       0.84      0.83      0.84     35767
           5       0.95      0.91      0.93     14625
           6       0.89      0.88      0.89     24744
           7       0.85      0.85      0.85     28249
          12       0.73      0.61      0.67     17565
          13       0.82      0.63      0.71     15826
          16       0.76      0.67      0.71     26426
          17       0.96      0.95      0.95     35822
          24       0.93      0.87      0.90      7563

    accuracy                           0.87    430879
   macro avg       0.88      0.85      0.86    430879
weighted avg       0.87      0.87      0.87    430879

