train time: 24.353047132492065
accuracy v: 39.073%
accuracy te: 39.031%
accuracy tr: 39.101%
confusion matrix:
[[116688      0      0      0      0      0      0      0      0      0
       0  22705      7]
 [   747  25744      0      0      0      0      0      0      0      0
       0   2224      5]
 [  2066      0      0      0      0      0      0      0      0      0
       0  25619    100]
 [  8858      0      0      0      0      0      0      0      0      0
       0  19529      0]
 [ 35491      0      0      0      0      0      0      0      0      0
       0    276      0]
 [ 14406      0      0      0      0      0      0      0      0      0
       0    168     51]
 [ 24526      0      0      0      0      0      0      0      0      0
       0    218      0]
 [ 27873      0      0      0      0      0      0      0      0      0
       0    376      0]
 [ 17098      0      0      0      0      0      0      0      0      0
       0    467      0]
 [ 15201      0      0      0      0      0      0      0      0      0
       0    625      0]
 [ 22726      0      0      0      0      0      0      0      0      0
       0   3700      0]
 [ 10191      0      0      0      0      0      0      0      0      0
       0  25631      0]
 [  7450      0      0      0      0      0      0      0      0      0
       0      0    113]]
classification report:
              precision    recall  f1-score   support

           0       0.38      0.84      0.53    139400
           1       1.00      0.90      0.95     28720
           2       0.00      0.00      0.00     27785
           3       0.00      0.00      0.00     28387
           4       0.00      0.00      0.00     35767
           5       0.00      0.00      0.00     14625
           6       0.00      0.00      0.00     24744
           7       0.00      0.00      0.00     28249
          12       0.00      0.00      0.00     17565
          13       0.00      0.00      0.00     15826
          16       0.00      0.00      0.00     26426
          17       0.25      0.72      0.37     35822
          24       0.41      0.01      0.03      7563

    accuracy                           0.39    430879
   macro avg       0.16      0.19      0.14    430879
weighted avg       0.22      0.39      0.27    430879

