train time: 79.0036072731018
accuracy v: 92.708%
accuracy te: 92.790%
accuracy tr: 99.999%
confusion matrix:
[[130167    102    181    550   1581    199    747    890   1301    990
    2092    455    145]
 [   107  28526      9      8      4      0      3      1      8      2
      19     33      0]
 [   180      9  27483     38      1      0      0      3      2      2
      39     28      0]
 [   422      5     42  27607     13      2      1      9      5     13
     138    129      1]
 [  1562      1      4      7  32800     23     80    436    309    169
     349     19      8]
 [   281      0      1      3     28  13832     13    130     68     81
      34      0    154]
 [   866      1      1      3    113     21  22687    130    178    326
     316     81     21]
 [  1082      0      2      8    497    108    134  25450    310    168
     379     41     70]
 [  1347      6      0     18    314     62    180    275  14664    338
     301     15     45]
 [  1133      8      9     17    177     56    269    160    376  13196
     284     80     61]
 [  2472     30     44    191    429     32    321    361    339    313
   21699    173     22]
 [   509     29     40    130     19     11     47     39     22     67
     181  34728      0]
 [   174      0      0      1     11    182     32     73     47     56
      13      1   6973]]
classification report:
              precision    recall  f1-score   support

           0       0.93      0.93      0.93    139400
           1       0.99      0.99      0.99     28720
           2       0.99      0.99      0.99     27785
           3       0.97      0.97      0.97     28387
           4       0.91      0.92      0.91     35767
           5       0.95      0.95      0.95     14625
           6       0.93      0.92      0.92     24744
           7       0.91      0.90      0.91     28249
          12       0.83      0.83      0.83     17565
          13       0.84      0.83      0.84     15826
          16       0.84      0.82      0.83     26426
          17       0.97      0.97      0.97     35822
          24       0.93      0.92      0.93      7563

    accuracy                           0.93    430879
   macro avg       0.92      0.92      0.92    430879
weighted avg       0.93      0.93      0.93    430879

