train time: 73.98650169372559
accuracy v: 92.691%
accuracy te: 92.802%
accuracy tr: 100.000%
confusion matrix:
[[130176    103    183    547   1579    208    748    889   1278    983
    2097    465    144]
 [   105  28529     10      6      3      0      3      1      9      1
      20     33      0]
 [   176      9  27485     38      1      0      0      3      2      2
      40     29      0]
 [   418      6     42  27607     14      2      1      7      5     14
     141    130      0]
 [  1550      1      6      8  32795     27     78    446    305    166
     355     23      7]
 [   297      0      1      3     29  13838     12    128     68     76
      34      2    137]
 [   859      0      0      2    113     20  22699    130    182    318
     316     83     22]
 [  1096      0      3      7    488    110    145  25458    305    164
     367     35     71]
 [  1361      6      0     20    312     59    184    277  14661    333
     299     14     39]
 [  1107      9     10     15    175     56    264    153    376  13226
     298     81     56]
 [  2471     29     43    194    439     30    306    368    335    317
   21700    175     19]
 [   509     29     41    123     24     11     49     40     21     66
     178  34730      1]
 [   180      0      0      1     12    179     29     79     47     55
      19      1   6961]]
classification report:
              precision    recall  f1-score   support

           0       0.93      0.93      0.93    139400
           1       0.99      0.99      0.99     28720
           2       0.99      0.99      0.99     27785
           3       0.97      0.97      0.97     28387
           4       0.91      0.92      0.91     35767
           5       0.95      0.95      0.95     14625
           6       0.93      0.92      0.92     24744
           7       0.91      0.90      0.91     28249
          12       0.83      0.83      0.83     17565
          13       0.84      0.84      0.84     15826
          16       0.84      0.82      0.83     26426
          17       0.97      0.97      0.97     35822
          24       0.93      0.92      0.93      7563

    accuracy                           0.93    430879
   macro avg       0.92      0.92      0.92    430879
weighted avg       0.93      0.93      0.93    430879

