train time: 40.86340928077698
accuracy v: 68.443%
accuracy te: 68.466%
accuracy tr: 68.626%
confusion matrix:
[[112492    400    443   3783   8382    620   1991   3334   1141    622
    3279   2462    451]
 [  1144  26961     25     96     20      2     96      8     20      9
      98    241      0]
 [  1730    127  24937    605     19      0      0     15      0      0
      74    278      0]
 [  8735    108    103  18500     39      1      0     57     13      0
     240    591      0]
 [  8162      0      0     84  24943     34    119   1734      2     59
     583     46      1]
 [  2907      4      1     86    296  10095     53    562     73     94
      62     11    381]
 [  6487      5      0     21    208     32  17151    326     81    186
     143    103      1]
 [  8789     13     10      6   1212    101    360  16858    491     60
     184    106     59]
 [ 10299     44     15    168   2383    386    149   1485   1900    267
     382     19     68]
 [  8837     21     17    156    918    254    867    663    600   2548
     561    238    146]
 [ 14369     82    203    504   2561     18    412   1261    246     73
    5718    972      7]
 [  4791    139    283    845     64      4    243    201      0     35
     311  28906      0]
 [  1779      0      0      0     45    920    115    505     66    117
      20      0   3996]]
classification report:
              precision    recall  f1-score   support

           0       0.59      0.81      0.68    139400
           1       0.97      0.94      0.95     28720
           2       0.96      0.90      0.93     27785
           3       0.74      0.65      0.69     28387
           4       0.61      0.70      0.65     35767
           5       0.81      0.69      0.75     14625
           6       0.80      0.69      0.74     24744
           7       0.62      0.60      0.61     28249
          12       0.41      0.11      0.17     17565
          13       0.63      0.16      0.26     15826
          16       0.49      0.22      0.30     26426
          17       0.85      0.81      0.83     35822
          24       0.78      0.53      0.63      7563

    accuracy                           0.68    430879
   macro avg       0.71      0.60      0.63    430879
weighted avg       0.68      0.68      0.67    430879

