train time: 219.19057893753052
accuracy v: 95.759%
accuracy te: 95.738%
accuracy tr: 99.978%
confusion matrix:
[[133624     71     61    145   1174    132    305    690   1202   1062
     616    166    152]
 [    82  28623      1      0      0      2      0      1      4      3
       4      0      0]
 [    62      1  27685     20      0      0      0      0      2      1
      10      4      0]
 [   115      0     13  28153      3      0      0      2      4      8
      12     77      0]
 [  1252      0      0     13  33582     17     27    495    160    139
      66      5     11]
 [   184      0      0      1     28  14108      7     57     65     83
      10      4     78]
 [   382      1      0      0     32     11  23900     75    106     72
     133     12     20]
 [   768      0      1      5    522     63     89  26311    231    165
      51     12     31]
 [  1295      3      1      3    196     43     76    231  15252    315
      98      2     50]
 [  1373      6      3      8    176     83     75    200    355  13379
      78     24     66]
 [   625      8     15     14     64      9    124     27    108     68
   25317     40      7]
 [   118      0      8     80      5      0     12      6      3      8
      50  35529      3]
 [   170      0      0      0      9     85     25     51     50    107
      12      2   7052]]
classification report:
              precision    recall  f1-score   support

           0       0.95      0.96      0.96    139400
           1       1.00      1.00      1.00     28720
           2       1.00      1.00      1.00     27785
           3       0.99      0.99      0.99     28387
           4       0.94      0.94      0.94     35767
           5       0.97      0.96      0.97     14625
           6       0.97      0.97      0.97     24744
           7       0.93      0.93      0.93     28249
          12       0.87      0.87      0.87     17565
          13       0.87      0.85      0.86     15826
          16       0.96      0.96      0.96     26426
          17       0.99      0.99      0.99     35822
          24       0.94      0.93      0.94      7563

    accuracy                           0.96    430879
   macro avg       0.95      0.95      0.95    430879
weighted avg       0.96      0.96      0.96    430879

