train time: 103.90276050567627
accuracy v: 73.659%
accuracy te: 73.634%
accuracy tr: 73.754%
confusion matrix:
[[112877     41    230   2976   9544    335    711   3942   2007   1173
    3187   2269    108]
 [  1004  27447      6     70     13      0      0     59      0      4
      90     27      0]
 [  1477     25  24674    587      1      0     13      3      1     13
     313    678      0]
 [  3580      0    235  23975    151      0      0     56      0      7
      54    329      0]
 [  7280      0      3    268  24333      1    129   3371    185     36
      88     73      0]
 [  2049      0      0      4    226  10649     22    902    204    229
      25      5    310]
 [  3952      0      0      4    271     25  19080    509     70    166
     616     43      8]
 [  6504      4      2      6   1673    108    142  18643    734    222
     103     91     17]
 [  8668     10      0     68   2369    253    214   1941   3251    258
     404     37     92]
 [  8605      9      6     94   1545    469    173   1445    655   2472
     110    156     87]
 [  7762      5    217    143    893      1    706    195    132     72
   15639    657      4]
 [  3275      0     53   1519     43      0    250     31      5     15
     176  30455      0]
 [  1932      0      0     50     12    929     25    322    231    265
       7     12   3778]]
classification report:
              precision    recall  f1-score   support

           0       0.67      0.81      0.73    139400
           1       1.00      0.96      0.98     28720
           2       0.97      0.89      0.93     27785
           3       0.81      0.84      0.82     28387
           4       0.59      0.68      0.63     35767
           5       0.83      0.73      0.78     14625
           6       0.89      0.77      0.83     24744
           7       0.59      0.66      0.62     28249
          12       0.43      0.19      0.26     17565
          13       0.50      0.16      0.24     15826
          16       0.75      0.59      0.66     26426
          17       0.87      0.85      0.86     35822
          24       0.86      0.50      0.63      7563

    accuracy                           0.74    430879
   macro avg       0.75      0.66      0.69    430879
weighted avg       0.74      0.74      0.73    430879

