train time: 223.78409600257874
accuracy v: 95.749%
accuracy te: 95.735%
accuracy tr: 100.000%
confusion matrix:
[[133564     70     65    151   1172    132    299    663   1225   1097
     642    177    143]
 [    81  28628      1      1      0      1      0      0      4      1
       3      0      0]
 [    64      1  27682     21      0      0      0      0      2      2
      10      3      0]
 [   112      0     12  28159      4      0      0      2      6      4
      20     68      0]
 [  1237      0      0     17  33592     14     22    505    182    121
      60      6     11]
 [   174      0      0      0     22  14130      9     66     56     73
      13      3     79]
 [   383      2      0      0     28      9  23886     81     91     86
     139     18     21]
 [   752      1      2      4    512     59     87  26350    230    165
      41      8     38]
 [  1303      3      3      2    202     43     92    230  15220    316
      98      2     51]
 [  1370      1      7      4    162     80     78    202    375  13380
      85     16     66]
 [   616      5      9     15     69      8    117     41     93     71
   25329     44      9]
 [   130      0      6     71      5      0     12      5      6      9
      48  35529      1]
 [   191      0      0      0      9     93     23     46     49     91
       9      0   7052]]
classification report:
              precision    recall  f1-score   support

           0       0.95      0.96      0.96    139400
           1       1.00      1.00      1.00     28720
           2       1.00      1.00      1.00     27785
           3       0.99      0.99      0.99     28387
           4       0.94      0.94      0.94     35767
           5       0.97      0.97      0.97     14625
           6       0.97      0.97      0.97     24744
           7       0.93      0.93      0.93     28249
          12       0.87      0.87      0.87     17565
          13       0.87      0.85      0.86     15826
          16       0.96      0.96      0.96     26426
          17       0.99      0.99      0.99     35822
          24       0.94      0.93      0.94      7563

    accuracy                           0.96    430879
   macro avg       0.95      0.95      0.95    430879
weighted avg       0.96      0.96      0.96    430879

