train time: 24.486608505249023
accuracy v: 56.025%
accuracy te: 56.022%
accuracy tr: 56.028%
confusion matrix:
[[103014    578   2118   7149   9268   2071   5449   5904      0      0
       0   3658    191]
 [  2345  24969    228    498     26      0     96     11      0      0
       0    547      0]
 [  3013    991  21985    669     12      0      0     47      0      0
       0   1068      0]
 [ 10609    324    326  15474    103      0      0    129      0      0
       0   1422      0]
 [ 12215      0      0    142  17547      0    418   5422      0      0
       0     23      0]
 [  5001      0      2     94    627   7460    120    647      0      0
       0     28    646]
 [  7415      0      2     30    280      3  16625    231      0      0
       0    158      0]
 [ 16468      0      0      7   2165    239    683   8543      0      0
       0    144      0]
 [ 12524      0      2    241   2554    839    163   1226      0      0
       0     16      0]
 [ 11519      9     39    221   1129    659   1143    807      0      0
       0    300      0]
 [ 17256    107    416    851   4304      1    419   2136      0      0
       0    936      0]
 [  7992    719    879    965     64      0    307    338      0      0
       0  24558      0]
 [  3582      0      0      0     48   2093    147    479      0      0
       0      0   1214]]
classification report:
              precision    recall  f1-score   support

           0       0.48      0.74      0.58    139400
           1       0.90      0.87      0.89     28720
           2       0.85      0.79      0.82     27785
           3       0.59      0.55      0.57     28387
           4       0.46      0.49      0.47     35767
           5       0.56      0.51      0.53     14625
           6       0.65      0.67      0.66     24744
           7       0.33      0.30      0.32     28249
          12       0.00      0.00      0.00     17565
          13       0.00      0.00      0.00     15826
          16       0.00      0.00      0.00     26426
          17       0.75      0.69      0.72     35822
          24       0.59      0.16      0.25      7563

    accuracy                           0.56    430879
   macro avg       0.47      0.44      0.45    430879
weighted avg       0.50      0.56      0.52    430879

