train time: 164.6745948791504
accuracy v: 91.263%
accuracy te: 91.273%
accuracy tr: 93.317%
confusion matrix:
[[130617     64     47    204   2355     98    391    943   1675   1074
    1370    401    161]
 [   270  28417      3      3      0      1      0      1      5      1
      19      0      0]
 [   225      2  27453     52      0      0      0      0      2      0
      44      7      0]
 [   425      0     11  27747      9      0      0      1      2      5
      62    125      0]
 [  3111      0      0     18  31585     12     46    649    192     66
      76      7      5]
 [   715      0      0      0     37  13513     10     79     87    110
      10      3     61]
 [  1350      0      0      0     46     12  22849    102    118     76
     170     10     11]
 [  2214      0      3      1    889     69     74  24543    241    142
      32     13     28]
 [  4269      0      0      5    384     50     86    376  11530    541
     294      1     29]
 [  4018      3      5     12    392    102     91    257    374  10328
     157     25     62]
 [  2361      3     21     24     94     10    228     48    104     77
   23303    148      5]
 [   535      1      4    112      8      0     33     10      0      8
     112  34998      1]
 [   765      0      0      0      7    109     14     65     87    115
       6      0   6395]]
classification report:
              precision    recall  f1-score   support

           0       0.87      0.94      0.90    139400
           1       1.00      0.99      0.99     28720
           2       1.00      0.99      0.99     27785
           3       0.98      0.98      0.98     28387
           4       0.88      0.88      0.88     35767
           5       0.97      0.92      0.94     14625
           6       0.96      0.92      0.94     24744
           7       0.91      0.87      0.89     28249
          12       0.80      0.66      0.72     17565
          13       0.82      0.65      0.73     15826
          16       0.91      0.88      0.89     26426
          17       0.98      0.98      0.98     35822
          24       0.95      0.85      0.89      7563

    accuracy                           0.91    430879
   macro avg       0.92      0.88      0.90    430879
weighted avg       0.91      0.91      0.91    430879

