train time: 57.70720934867859
accuracy v: 73.693%
accuracy te: 73.815%
accuracy tr: 73.663%
confusion matrix:
[[27404   366   208   310     0     0   108     1     0   163   160     0]
 [  819 24133  1009   166     0     9   255     0     7   672   715     0]
 [    6  1115 21524  1783     0     0   426     0     1   607  2925     0]
 [   86    58  1728 28329     5   180  2852  1155   459   748   151    16]
 [   21    11   147  1111  8860   169  1360   774   822   146    73  1131]
 [    2    13     1   311    10 22240   764   362   235   657   139    10]
 [   12   160   639  3423   819   637 18301  1620  1565   671   367    35]
 [  222    71   642  3412  1447   201  1807  7110   895  1101   140   517]
 [  120   230   886  2739  1048   741  2223  1108  5162   735   313   521]
 [   59   798   891  2137    81  1561   881   358   212 17797  1640    11]
 [    0  1109  2523   137     0   723   173     7    43   398 30709     0]
 [   12     1     0    90  2022   172   842   541   237    48    12  3586]]
classification report:
              precision    recall  f1-score   support

           1       0.95      0.95      0.95     28720
           2       0.86      0.87      0.86     27785
           3       0.71      0.76      0.73     28387
           4       0.64      0.79      0.71     35767
           5       0.62      0.61      0.61     14625
           6       0.84      0.90      0.87     24744
           7       0.61      0.65      0.63     28249
          12       0.55      0.40      0.46     17565
          13       0.54      0.33      0.41     15826
          16       0.75      0.67      0.71     26426
          17       0.82      0.86      0.84     35822
          24       0.62      0.47      0.54      7563

    accuracy                           0.74    291479
   macro avg       0.71      0.69      0.69    291479
weighted avg       0.73      0.74      0.73    291479

