train time: 21.269454956054688
accuracy v: 30.743%
accuracy te: 30.750%
accuracy tr: 30.775%
confusion matrix:
[[25749     0    10  2007     0     0     0     0     0     0   954     0]
 [ 4389     0     2  1905     0     0     0     0     0     0 21489     0]
 [ 1348     0     6 20778     0     0     0     0     0     0  6255     0]
 [   43     0     0 33484     0     0     0     0     0     0  2240     0]
 [  285     0     0  9272     0   140  2389     0     0     0  2539     0]
 [  280     0     0 11965     0    55     5     0     0     0 12439     0]
 [ 1969     0     5 16334     0     1    47     0     0     0  9893     0]
 [   50     0     0 16031     0     9    95     0     0     0  1380     0]
 [  317     1     1 10961     0    45    59     0     0     0  4442     0]
 [  660     0     0 20313     0     2     6     0     0     0  5445     0]
 [ 2598    11   135  2784     0     0     5     0     0     0 30289     0]
 [   58     0     0  5325     0    44  1146     0     0     0   990     0]]
classification report:
              precision    recall  f1-score   support

           1       0.68      0.90      0.77     28720
           2       0.00      0.00      0.00     27785
           3       0.04      0.00      0.00     28387
           4       0.22      0.94      0.36     35767
           5       0.00      0.00      0.00     14625
           6       0.19      0.00      0.00     24744
           7       0.01      0.00      0.00     28249
          12       0.00      0.00      0.00     17565
          13       0.00      0.00      0.00     15826
          16       0.00      0.00      0.00     26426
          17       0.31      0.85      0.45     35822
          24       0.00      0.00      0.00      7563

    accuracy                           0.31    291479
   macro avg       0.12      0.22      0.13    291479
weighted avg       0.15      0.31      0.18    291479

