train time: 79.82292008399963
accuracy v: 60.975%
accuracy te: 61.032%
accuracy tr: 60.957%
confusion matrix:
[[105767    495   3174   6308   5331   2761   2300    604   1795   1458
    3712   4731    964]
 [   732  27330    276    160      2      0      0      0      1      0
     104    115      0]
 [  2192    716  23298    550      1      0      9      0      0      5
     319    695      0]
 [ 11573      0    981  13331     17      0      0      0      0      0
      25   2460      0]
 [ 22914      8      9    769  11063      3    120    216    248     54
     249    113      1]
 [  2940     24      9     53    826   7811    204    657    500    626
      70     39    866]
 [  3403      0      3      0    120      9  20594     51    125     20
     328     91      0]
 [ 22996      4    108    102   1001    453    388   2396    292    116
     245    131     17]
 [  9589    154     22    307   1399    699    271    196   4034    147
     393     99    255]
 [  8144     89     76    393   1403    614    603    369    385   3181
     162    194    213]
 [  9802     16    348    238    261     49   1304      8     80     35
   13286    998      1]
 [  4457      0   1061   1317      9      0    870      1      0      0
      70  28037      0]
 [  2099     11      0      0    122   1711    195    227    166    130
      43     14   2845]]
classification report:
              precision    recall  f1-score   support

           0       0.51      0.76      0.61    139400
           1       0.95      0.95      0.95     28720
           2       0.79      0.84      0.82     27785
           3       0.57      0.47      0.51     28387
           4       0.51      0.31      0.39     35767
           5       0.55      0.53      0.54     14625
           6       0.77      0.83      0.80     24744
           7       0.51      0.08      0.15     28249
          12       0.53      0.23      0.32     17565
          13       0.55      0.20      0.29     15826
          16       0.70      0.50      0.58     26426
          17       0.74      0.78      0.76     35822
          24       0.55      0.38      0.45      7563

    accuracy                           0.61    430879
   macro avg       0.63      0.53      0.55    430879
weighted avg       0.61      0.61      0.58    430879

