train time: 52.63407874107361
accuracy v: 62.546%
accuracy te: 62.719%
accuracy tr: 62.679%
confusion matrix:
[[26122   535   908   175     0   253    78     0     0   362   287     0]
 [ 1022 21195  1419   205     0   119   104     0     0   154  3567     0]
 [ 1080  1275 18195  2454     0    22   243     0     0  1567  3551     0]
 [   14     0  1159 28079     0   256  2686   623    63  2270   607    10]
 [   41     9   127   960  9045   527  1951   314   234    68   109  1240]
 [   18    21   158  1377     2 19900  1829   950   330    28   131     0]
 [   81   172   265  3996   770  1731 17251  1562   451  1384   541    45]
 [    8    18   709  4873  2231   679  2300  4923   538   861   148   277]
 [   84    94  1002  2571  1761  3821  2047  1666   919   913   604   344]
 [  448   388  3608  7672    14  1421  1979   780   145  7711  2247    13]
 [  851  2475  3225   273     0   990   317     2     0   931 26758     0]
 [    0     0     0    92  2759   312   879   598   208     0     0  2715]]
classification report:
              precision    recall  f1-score   support

           1       0.88      0.91      0.89     28720
           2       0.81      0.76      0.79     27785
           3       0.59      0.64      0.62     28387
           4       0.53      0.79      0.63     35767
           5       0.55      0.62      0.58     14625
           6       0.66      0.80      0.73     24744
           7       0.54      0.61      0.58     28249
          12       0.43      0.28      0.34     17565
          13       0.32      0.06      0.10     15826
          16       0.47      0.29      0.36     26426
          17       0.69      0.75      0.72     35822
          24       0.58      0.36      0.44      7563

    accuracy                           0.63    291479
   macro avg       0.59      0.57      0.56    291479
weighted avg       0.61      0.63      0.61    291479

