train time: 33.56355810165405
accuracy v: 59.107%
accuracy te: 59.299%
accuracy tr: 59.253%
confusion matrix:
[[26385   318  1013   342     0   255     2     0     0   125   280     0]
 [ 3633 18797  1807   244     0   110    77     0     0    42  3075     0]
 [ 1416  1025 19042  2691     0    22   224     0     0   154  3813     0]
 [   35     3  1405 29870     0   250  2024   159    17   709  1282    13]
 [  101    12   147  1285  8277  1183  2360   234   154    73   328   471]
 [   44     7   163  2693     3 19214  1246    88    26    10  1250     0]
 [  475   282   352  6246   417  2021 16659   364    85   483   821    44]
 [   43    41  1011  7157  1810  1079  2475  2828   273   442   273   133]
 [  246   171  1165  3866  1354  4219  2131   973   359   382   796   164]
 [  707   719  3991 10678    12  1808  2057   128    22  3970  2324    10]
 [ 2240  2194  3309   301     0   952   164     2     0   331 26329     0]
 [   25     0     0   379  3806   478  1158   378   164    49    13  1113]]
classification report:
              precision    recall  f1-score   support

           1       0.75      0.92      0.82     28720
           2       0.80      0.68      0.73     27785
           3       0.57      0.67      0.62     28387
           4       0.45      0.84      0.59     35767
           5       0.53      0.57      0.55     14625
           6       0.61      0.78      0.68     24744
           7       0.54      0.59      0.57     28249
          12       0.55      0.16      0.25     17565
          13       0.33      0.02      0.04     15826
          16       0.59      0.15      0.24     26426
          17       0.65      0.73      0.69     35822
          24       0.57      0.15      0.23      7563

    accuracy                           0.59    291479
   macro avg       0.58      0.52      0.50    291479
weighted avg       0.59      0.59      0.55    291479

