train time: 74.27279758453369
accuracy v: 59.539%
accuracy te: 59.562%
accuracy tr: 59.529%
confusion matrix:
[[112553     82   2862   4929   4576   1493   2544    394   1090    922
    3150   4647    158]
 [  1245  26628    224    252     39      0     11      0      3      0
     139    179      0]
 [  4182    441  20823    454      1      0     18      0      0      5
     289   1572      0]
 [ 12318      0   1332  12080     17      0      0      0      0      0
      23   2617      0]
 [ 25389      0      9    514   9154      0     86    111    136     33
     232    103      0]
 [  4732     20      3     20    666   6982    202    674    477    500
      56     46    247]
 [  3802      0      0      0     84      2  20309     20     41     10
     391     85      0]
 [ 24573      0     60     47    898    276    326   1520    165     58
     206    116      4]
 [ 11592     14     21    317   1437    337    265     96   2906     63
     297    173     47]
 [  9398     63     55    383   1479    328    568    290    218   2579
      74    314     77]
 [ 11115      0    338    133    195      4   1412      7     54     29
   12148    991      0]
 [  6416      0    841    660     11      0    480      1      0      2
      27  27384      0]
 [  3305     13      5      0    160   1724    190    259    169    109
      45      9   1575]]
classification report:
              precision    recall  f1-score   support

           0       0.49      0.81      0.61    139400
           1       0.98      0.93      0.95     28720
           2       0.78      0.75      0.77     27785
           3       0.61      0.43      0.50     28387
           4       0.49      0.26      0.34     35767
           5       0.63      0.48      0.54     14625
           6       0.77      0.82      0.79     24744
           7       0.45      0.05      0.10     28249
          12       0.55      0.17      0.25     17565
          13       0.60      0.16      0.26     15826
          16       0.71      0.46      0.56     26426
          17       0.72      0.76      0.74     35822
          24       0.75      0.21      0.33      7563

    accuracy                           0.60    430879
   macro avg       0.66      0.48      0.52    430879
weighted avg       0.61      0.60      0.56    430879

