train time: 51.96191453933716
accuracy v: 62.541%
accuracy te: 62.725%
accuracy tr: 62.674%
confusion matrix:
[[26118   539   907   173     0   253    79     0     0   364   287     0]
 [ 1017 21197  1418   205     0   120   103     0     0   154  3571     0]
 [ 1078  1276 18188  2443     0    22   243     0     0  1584  3553     0]
 [   14     0  1157 28069     0   257  2685   624    64  2282   605    10]
 [   41     9   127   959  9046   526  1949   314   236    69   108  1241]
 [   18    21   158  1372     2 19901  1830   953   330    29   130     0]
 [   81   172   265  3988   770  1730 17250  1571   451  1385   541    45]
 [    8    18   709  4871  2229   679  2293  4932   538   864   147   277]
 [   84    93  1001  2571  1762  3817  2048  1666   923   914   603   344]
 [  444   388  3608  7660    14  1420  1979   780   147  7725  2248    13]
 [  845  2476  3227   273     0   993   318     2     0   931 26757     0]
 [    0     0     0    92  2753   311   878   598   208     0     0  2723]]
classification report:
              precision    recall  f1-score   support

           1       0.88      0.91      0.89     28720
           2       0.81      0.76      0.79     27785
           3       0.59      0.64      0.61     28387
           4       0.53      0.78      0.63     35767
           5       0.55      0.62      0.58     14625
           6       0.66      0.80      0.73     24744
           7       0.54      0.61      0.58     28249
          12       0.43      0.28      0.34     17565
          13       0.32      0.06      0.10     15826
          16       0.47      0.29      0.36     26426
          17       0.69      0.75      0.72     35822
          24       0.59      0.36      0.45      7563

    accuracy                           0.63    291479
   macro avg       0.59      0.57      0.56    291479
weighted avg       0.61      0.63      0.61    291479

