train time: 43.436912298202515
accuracy v: 62.569%
accuracy te: 62.731%
accuracy tr: 62.701%
confusion matrix:
[[26169   500   917   179     0   253    69     0     0   353   280     0]
 [ 1034 21192  1427   204     0   117   105     0     0   151  3555     0]
 [ 1100  1258 18272  2546     0    21   246     0     0  1400  3544     0]
 [   14     0  1174 28160     0   256  2665   604    61  2191   632    10]
 [   42     9   128   966  9040   545  1957   313   229    66   112  1218]
 [   19    19   159  1419     2 19902  1822   915   318    30   139     0]
 [   82   173   267  4069   755  1734 17293  1517   441  1319   550    49]
 [    9    16   720  4927  2222   689  2305  4882   526   842   149   278]
 [   91   102  1010  2606  1757  3839  2045  1651   885   891   606   343]
 [  470   400  3585  7793    15  1439  1989   753   142  7575  2250    15]
 [  906  2437  3213   272     0   978   309     2     0   905 26800     0]
 [    0     0     0    94  2778   316   889   599   210     0     0  2677]]
classification report:
              precision    recall  f1-score   support

           1       0.87      0.91      0.89     28720
           2       0.81      0.76      0.79     27785
           3       0.59      0.64      0.62     28387
           4       0.53      0.79      0.63     35767
           5       0.55      0.62      0.58     14625
           6       0.66      0.80      0.73     24744
           7       0.55      0.61      0.58     28249
          12       0.43      0.28      0.34     17565
          13       0.31      0.06      0.09     15826
          16       0.48      0.29      0.36     26426
          17       0.69      0.75      0.72     35822
          24       0.58      0.35      0.44      7563

    accuracy                           0.63    291479
   macro avg       0.59      0.57      0.56    291479
weighted avg       0.61      0.63      0.61    291479

