train time: 80.67759370803833
accuracy v: 60.764%
accuracy te: 60.839%
accuracy tr: 60.769%
confusion matrix:
[[107159    186   3124   5974   5279   2565   2364    549   1658   1341
    3655   4758    788]
 [   876  26939    331    296      5      0      1      0      1      0
     111    160      0]
 [  2487    807  22823    513      1      0      9      0      0      5
     311    829      0]
 [ 11670      0   1124  13042     17      0      0      0      0      0
      26   2508      0]
 [ 23220      5      9    786  10799      1    114    194    231     52
     249    106      1]
 [  3219     25      7     30    777   7732    200    665    511    633
      67     38    721]
 [  3430      0      1      0    115      5  20604     47    111     15
     350     66      0]
 [ 23285      3    119     89    993    415    380   2219    261    109
     233    128     15]
 [ 10001     55     44    321   1427    603    268    175   3841    126
     370    109    225]
 [  8315     83     73    399   1413    571    599    358    358   3103
     159    206    189]
 [  9993     10    332    222    257     40   1340      8     79     35
   13123    986      1]
 [  4669      0   1039   1191      9      0    756      1      0      0
      64  28093      0]
 [  2210     17      0      0    129   1760    189    235    172    130
      45     11   2665]]
classification report:
              precision    recall  f1-score   support

           0       0.51      0.77      0.61    139400
           1       0.96      0.94      0.95     28720
           2       0.79      0.82      0.80     27785
           3       0.57      0.46      0.51     28387
           4       0.51      0.30      0.38     35767
           5       0.56      0.53      0.55     14625
           6       0.77      0.83      0.80     24744
           7       0.50      0.08      0.14     28249
          12       0.53      0.22      0.31     17565
          13       0.56      0.20      0.29     15826
          16       0.70      0.50      0.58     26426
          17       0.74      0.78      0.76     35822
          24       0.58      0.35      0.44      7563

    accuracy                           0.61    430879
   macro avg       0.64      0.52      0.55    430879
weighted avg       0.61      0.61      0.58    430879

