train time: 38.267629623413086
accuracy v: 50.683%
accuracy te: 50.805%
accuracy tr: 50.790%
confusion matrix:
[[109511   1448   2620   8371   3548   3958   4111      0    952     53
     207   3924    697]
 [  1107  25484    910    838      9      0    238      0      0      0
       4    130      0]
 [  2916   1366  19708    788      2      0      6      0      0      0
      10   2989      0]
 [ 13281   1111    856  10517     21      0     61      0      0      0
       0   2540      0]
 [ 29784      8      0     99   5504      0    126      0     84      2
       8    152      0]
 [  4567     19     10    127    623   7006    825    106    157    112
      10     34   1029]
 [ 11159     16     19    151    456      0  12816      0     37      0
       1     89      0]
 [ 26614     66    138     22    388    113    616     86    111      2
       4     81      8]
 [ 12502      2      7    339   1695    941    544      0   1308     62
      33     43     89]
 [  9810     25      4    373   1061    849   2780      0    280    118
       9    341    176]
 [ 22188    322    117    733   1485      0    490      0     22      1
      87    981      0]
 [  6634    915   1372   1616     23      0    836      0      0      0
      24  24402      0]
 [  2336      0      0      0    110   2089    348     25    219     77
       0      0   2359]]
classification report:
              precision    recall  f1-score   support

           0       0.43      0.79      0.56    139400
           1       0.83      0.89      0.86     28720
           2       0.77      0.71      0.74     27785
           3       0.44      0.37      0.40     28387
           4       0.37      0.15      0.22     35767
           5       0.47      0.48      0.47     14625
           6       0.54      0.52      0.53     24744
           7       0.40      0.00      0.01     28249
          12       0.41      0.07      0.13     17565
          13       0.28      0.01      0.01     15826
          16       0.22      0.00      0.01     26426
          17       0.68      0.68      0.68     35822
          24       0.54      0.31      0.40      7563

    accuracy                           0.51    430879
   macro avg       0.49      0.38      0.38    430879
weighted avg       0.48      0.51      0.45    430879

