train time: 64.33729696273804
accuracy v: 50.857%
accuracy te: 50.976%
accuracy tr: 50.976%
confusion matrix:
[[108144   1317   2774   8886   3580   4237   4082      0   1176     90
     290   3985    839]
 [  1205  25640    718    774      8      0    238      0      0      0
       4    133      0]
 [  2549   1342  19936    816      2      0      4      0      0      0
      12   3124      0]
 [ 12613   1002    973  11160     20      0     54      0      0      0
       0   2565      0]
 [ 29560      7      0    112   5707      0    133      0     94      2
      11    141      0]
 [  4212     25      8    125    605   7163    795    123    159    142
      13     34   1221]
 [ 10987     14     26    146    466      0  12978      0     46      2
       1     78      0]
 [ 26533     64    136     25    388    131    629     93    152      2
       4     83      9]
 [ 12089      3     18    331   1688   1064    553      0   1564     71
      39     32    113]
 [  9572     23      5    388   1059    923   2817      2    352    157
       9    317    202]
 [ 22029    311    130    792   1515      0    481      0     31      2
     109   1026      0]
 [  6351    711   1644   1773     19      0    851      0      0      0
      43  24430      0]
 [  2215      0      0      0    100   2002    348     31    227     77
       0      0   2563]]
classification report:
              precision    recall  f1-score   support

           0       0.44      0.78      0.56    139400
           1       0.84      0.89      0.87     28720
           2       0.76      0.72      0.74     27785
           3       0.44      0.39      0.42     28387
           4       0.38      0.16      0.22     35767
           5       0.46      0.49      0.48     14625
           6       0.54      0.52      0.53     24744
           7       0.37      0.00      0.01     28249
          12       0.41      0.09      0.15     17565
          13       0.29      0.01      0.02     15826
          16       0.20      0.00      0.01     26426
          17       0.68      0.68      0.68     35822
          24       0.52      0.34      0.41      7563

    accuracy                           0.51    430879
   macro avg       0.49      0.39      0.39    430879
weighted avg       0.48      0.51      0.45    430879

