train time: 71.86637449264526
accuracy v: 73.692%
accuracy te: 73.819%
accuracy tr: 73.664%
confusion matrix:
[[27406   364   208   310     0     0   108     1     0   163   160     0]
 [  816 24138  1009   166     0     9   255     0     7   672   713     0]
 [    6  1112 21526  1783     0     0   425     0     1   608  2926     0]
 [   86    58  1728 28331     5   180  2853  1152   459   748   151    16]
 [   21    11   147  1112  8862   169  1360   772   822   146    73  1130]
 [    2    13     1   311    10 22240   763   362   236   656   140    10]
 [   12   160   639  3425   819   637 18301  1618  1565   671   367    35]
 [  222    71   642  3411  1446   201  1810  7108   895  1101   140   518]
 [  120   230   886  2738  1048   741  2224  1108  5162   735   313   521]
 [   60   798   889  2137    81  1561   881   357   212 17798  1641    11]
 [    0  1109  2524   137     0   723   173     7    43   399 30707     0]
 [   12     1     0    90  2021   172   842   541   236    48    12  3588]]
classification report:
              precision    recall  f1-score   support

           1       0.95      0.95      0.95     28720
           2       0.86      0.87      0.86     27785
           3       0.71      0.76      0.73     28387
           4       0.64      0.79      0.71     35767
           5       0.62      0.61      0.61     14625
           6       0.84      0.90      0.87     24744
           7       0.61      0.65      0.63     28249
          12       0.55      0.40      0.46     17565
          13       0.54      0.33      0.41     15826
          16       0.75      0.67      0.71     26426
          17       0.82      0.86      0.84     35822
          24       0.62      0.47      0.54      7563

    accuracy                           0.74    291479
   macro avg       0.71      0.69      0.69    291479
weighted avg       0.73      0.74      0.73    291479

