train time: 47.05310082435608
accuracy v: 62.541%
accuracy te: 62.724%
accuracy tr: 62.674%
confusion matrix:
[[26119   538   907   173     0   253    79     0     0   364   287     0]
 [ 1017 21197  1418   205     0   120   103     0     0   154  3571     0]
 [ 1078  1276 18189  2442     0    22   243     0     0  1584  3553     0]
 [   14     0  1158 28065     0   257  2686   623    64  2285   605    10]
 [   41     9   127   960  9048   525  1949   314   236    69   108  1239]
 [   18    21   158  1371     2 19901  1830   954   330    29   130     0]
 [   81   171   265  3988   771  1728 17251  1571   451  1385   542    45]
 [    8    18   709  4870  2231   679  2293  4931   537   865   147   277]
 [   84    93  1001  2571  1764  3817  2048  1667   920   914   603   344]
 [  444   388  3608  7661    14  1420  1979   780   147  7724  2248    13]
 [  845  2476  3227   273     0   993   318     2     0   931 26757     0]
 [    0     0     0    92  2752   311   878   598   208     0     0  2724]]
classification report:
              precision    recall  f1-score   support

           1       0.88      0.91      0.89     28720
           2       0.81      0.76      0.79     27785
           3       0.59      0.64      0.61     28387
           4       0.53      0.78      0.63     35767
           5       0.55      0.62      0.58     14625
           6       0.66      0.80      0.73     24744
           7       0.54      0.61      0.58     28249
          12       0.43      0.28      0.34     17565
          13       0.32      0.06      0.10     15826
          16       0.47      0.29      0.36     26426
          17       0.69      0.75      0.72     35822
          24       0.59      0.36      0.45      7563

    accuracy                           0.63    291479
   macro avg       0.59      0.57      0.56    291479
weighted avg       0.61      0.63      0.61    291479

