train time: 46.672670125961304
accuracy v: 42.189%
accuracy te: 42.169%
accuracy tr: 42.226%
confusion matrix:
[[134686   1504      6      3    355      6    407      0      2      0
       1   2429      1]
 [  3185  25480      2      0      0      0      7      0      0      0
       0     46      0]
 [ 22040   2479   1148      0      1      0      0      0      0      0
       0   2117      0]
 [ 26292   1060      1      0      0      0      3      0      0      0
       0   1031      0]
 [ 35434     13      0      0    257      0     28      0      0      0
       0     35      0]
 [ 13456      1      0      0    542    395    222      1      0      0
       0      8      0]
 [ 21133     35      0      0     72      0   3128      0      0      0
       0    376      0]
 [ 27881     30     26      0     54      0    196     28      0      0
       0     34      0]
 [ 17046      8      0      0    312      0    171      0      0      0
       0     28      0]
 [ 14168     79      0      0    151      0   1041      0      0      0
       0    387      0]
 [ 25754    350      0      0     77      0     66      0      0      0
       0    179      0]
 [ 16909   2102      1      0      3      0    231      0      0      0
       0  16576      0]
 [  7303      0      0      0    107      7    142      0      3      0
       0      1      0]]
classification report:
              precision    recall  f1-score   support

           0       0.37      0.97      0.53    139400
           1       0.77      0.89      0.82     28720
           2       0.97      0.04      0.08     27785
           3       0.00      0.00      0.00     28387
           4       0.13      0.01      0.01     35767
           5       0.97      0.03      0.05     14625
           6       0.55      0.13      0.21     24744
           7       0.97      0.00      0.00     28249
          12       0.00      0.00      0.00     17565
          13       0.00      0.00      0.00     15826
          16       0.00      0.00      0.00     26426
          17       0.71      0.46      0.56     35822
          24       0.00      0.00      0.00      7563

    accuracy                           0.42    430879
   macro avg       0.42      0.19      0.17    430879
weighted avg       0.43      0.42      0.29    430879

