train time: 47.619802951812744
accuracy v: 39.797%
accuracy te: 39.711%
accuracy tr: 39.811%
confusion matrix:
[[26767     0    22  1339     0    19   152     0     0    85   336     0]
 [ 2147   540   507  1692     0   188   135     0     0    51 22525     0]
 [   13   211  3586 17149     0     0   249     0     0     9  7170     0]
 [   25     0    11 32446     0    22    32     0     0    75  3156     0]
 [  181     2     3  8593     0   538  2224     0     0    92  2992     0]
 [    9     0     0  4114     0 11309     9     0     0   531  8772     0]
 [  145    16    41 17880     0   132   288     0     0   114  9633     0]
 [  138     8   540 15405     0    82   181     0     0    70  1141     0]
 [  543    32   211 10136     0   245    98     0     0    55  4506     0]
 [  271    86   245 11524     0  1009     4     0     0  7345  5942     0]
 [    6     0   273  2073     0     3     0     0     0     0 33467     0]
 [  121     1     0  5178     0   126  1088     1     0   140   908     0]]
classification report:
              precision    recall  f1-score   support

           1       0.88      0.93      0.91     28720
           2       0.60      0.02      0.04     27785
           3       0.66      0.13      0.21     28387
           4       0.25      0.91      0.40     35767
           5       0.00      0.00      0.00     14625
           6       0.83      0.46      0.59     24744
           7       0.06      0.01      0.02     28249
          12       0.00      0.00      0.00     17565
          13       0.00      0.00      0.00     15826
          16       0.86      0.28      0.42     26426
          17       0.33      0.93      0.49     35822
          24       0.00      0.00      0.00      7563

    accuracy                           0.40    291479
   macro avg       0.37      0.31      0.26    291479
weighted avg       0.43      0.40      0.31    291479

