train time: 66.15054750442505
accuracy v: 73.645%
accuracy te: 73.766%
accuracy tr: 73.602%
confusion matrix:
[[27366   375   217   332     0     0   116     1     0   153   160     0]
 [  835 24166   979   165     0     9   265     0     7   643   716     0]
 [    5  1267 21447  1747     0     0   462     0     1   524  2934     0]
 [   94    53  1747 28321     4   173  2832  1140   461   770   155    17]
 [   25    13   148  1117  8835   174  1373   780   824   145    72  1119]
 [    1     7     1   309    10 22264   761   357   238   650   137     9]
 [   12   177   629  3451   803   629 18284  1593  1550   697   388    36]
 [  219    66   677  3420  1432   206  1809  7086   881  1104   148   517]
 [  122   227   892  2765  1026   738  2229  1103  5166   726   321   511]
 [   45   823   865  2159    85  1573   884   363   214 17750  1653    12]
 [    0  1123  2551   111     0   715   164     7    44   349 30758     0]
 [   14     0     0   101  2032   175   844   527   238    51    12  3569]]
classification report:
              precision    recall  f1-score   support

           1       0.95      0.95      0.95     28720
           2       0.85      0.87      0.86     27785
           3       0.71      0.76      0.73     28387
           4       0.64      0.79      0.71     35767
           5       0.62      0.60      0.61     14625
           6       0.84      0.90      0.87     24744
           7       0.61      0.65      0.63     28249
          12       0.55      0.40      0.46     17565
          13       0.54      0.33      0.41     15826
          16       0.75      0.67      0.71     26426
          17       0.82      0.86      0.84     35822
          24       0.62      0.47      0.53      7563

    accuracy                           0.74    291479
   macro avg       0.71      0.69      0.69    291479
weighted avg       0.73      0.74      0.73    291479

