train time: 94.36078214645386
accuracy v: 60.976%
accuracy te: 61.032%
accuracy tr: 60.957%
confusion matrix:
[[105746    499   3176   6312   5333   2764   2300    605   1797   1459
    3712   4732    965]
 [   731  27336    273    158      2      0      0      0      1      0
     104    115      0]
 [  2189    714  23299    551      1      0      9      0      0      5
     319    698      0]
 [ 11576      0    976  13338     17      0      0      0      0      0
      25   2455      0]
 [ 22914      8      9    770  11062      3    120    216    248     54
     249    113      1]
 [  2940     24      9     53    826   7811    203    657    500    626
      70     39    867]
 [  3399      0      3      0    120      9  20598     51    126     20
     328     90      0]
 [ 22994      4    107    101   1000    454    389   2398    293    116
     245    131     17]
 [  9586    154     23    306   1399    701    272    197   4033    147
     393     99    255]
 [  8143     89     76    393   1402    614    603    369    385   3183
     162    193    214]
 [  9798     16    348    238    262     50   1302      8     80     35
   13288   1000      1]
 [  4454      0   1063   1320      9      0    871      1      0      0
      70  28034      0]
 [  2099     11      0      0    122   1711    195    227    166    129
      43     14   2846]]
classification report:
              precision    recall  f1-score   support

           0       0.51      0.76      0.61    139400
           1       0.95      0.95      0.95     28720
           2       0.79      0.84      0.82     27785
           3       0.57      0.47      0.51     28387
           4       0.51      0.31      0.39     35767
           5       0.55      0.53      0.54     14625
           6       0.77      0.83      0.80     24744
           7       0.51      0.08      0.15     28249
          12       0.53      0.23      0.32     17565
          13       0.55      0.20      0.29     15826
          16       0.70      0.50      0.58     26426
          17       0.74      0.78      0.76     35822
          24       0.55      0.38      0.45      7563

    accuracy                           0.61    430879
   macro avg       0.63      0.53      0.55    430879
weighted avg       0.61      0.61      0.58    430879

