train time: 67.36244058609009
accuracy v: 73.716%
accuracy te: 73.819%
accuracy tr: 73.657%
confusion matrix:
[[27405   366   209   309     0     0   107     1     0   163   160     0]
 [  812 24147  1012   167     0     9   253     0     7   668   710     0]
 [    6  1109 21527  1784     0     0   425     0     1   607  2928     0]
 [   85    59  1728 28325     5   176  2851  1158   461   748   154    17]
 [   21    10   147  1110  8861   169  1361   770   824   145    74  1133]
 [    2    12     1   309    10 22244   763   364   236   647   146    10]
 [   12   157   643  3426   824   635 18282  1621  1574   671   368    36]
 [  223    69   640  3410  1447   203  1811  7103   900  1102   140   517]
 [  120   231   888  2735  1046   738  2226  1106  5172   733   309   522]
 [   61   795   892  2141    79  1561   875   354   214 17802  1641    11]
 [    1  1109  2521   137     0   723   174     7    41   399 30710     0]
 [   13     0     0    90  2022   172   842   539   235    48    12  3590]]
classification report:
              precision    recall  f1-score   support

           1       0.95      0.95      0.95     28720
           2       0.86      0.87      0.86     27785
           3       0.71      0.76      0.73     28387
           4       0.64      0.79      0.71     35767
           5       0.62      0.61      0.61     14625
           6       0.84      0.90      0.87     24744
           7       0.61      0.65      0.63     28249
          12       0.55      0.40      0.46     17565
          13       0.54      0.33      0.41     15826
          16       0.75      0.67      0.71     26426
          17       0.82      0.86      0.84     35822
          24       0.62      0.47      0.54      7563

    accuracy                           0.74    291479
   macro avg       0.71      0.69      0.69    291479
weighted avg       0.73      0.74      0.73    291479

