train time: 72.16764402389526
accuracy v: 50.494%
accuracy te: 50.472%
accuracy tr: 50.492%
confusion matrix:
[[127563     63   1381   1605   1137     32   2163     35    145     52
    1810   3414      0]
 [  2505  26052     15      0      0      0     12      0      1      0
      68     67      0]
 [ 15514     12  10074    159      1      0     13      0      0      0
      85   1927      0]
 [ 23725      0    562   2549      1      0      0      0      0      0
       0   1550      0]
 [ 33556      0      0     17   2051      0     20      5      4      0
      23     91      0]
 [ 11849     14      0      0    566   1253    117    468    273     18
      42     25      0]
 [  7702      0      0      0     33      0  16187      1      0      0
     222    599      0]
 [ 27506      0     41      1    253     18    173    124      1      0
      77     55      0]
 [ 15766      0     10    101    676     37    198     22    517      0
      64    174      0]
 [ 13167     20      5    189    787      5    379     87      9    602
      43    533      0]
 [ 16718      0     31     96     32      0   1262      0      1      4
    7632    650      0]
 [ 12518      0    143    106      3      0    178      1      0      0
       3  22870      0]
 [  6773      5      0      0    174    311    103    155      8      3
      29      2      0]]
classification report:
              precision    recall  f1-score   support

           0       0.41      0.92      0.56    139400
           1       1.00      0.91      0.95     28720
           2       0.82      0.36      0.50     27785
           3       0.53      0.09      0.15     28387
           4       0.36      0.06      0.10     35767
           5       0.76      0.09      0.15     14625
           6       0.78      0.65      0.71     24744
           7       0.14      0.00      0.01     28249
          12       0.54      0.03      0.06     17565
          13       0.89      0.04      0.07     15826
          16       0.76      0.29      0.42     26426
          17       0.72      0.64      0.67     35822
          24       0.00      0.00      0.00      7563

    accuracy                           0.50    430879
   macro avg       0.59      0.31      0.34    430879
weighted avg       0.55      0.50      0.43    430879

