train time: 1944.068921804428
accuracy te: 98.512%
accuracy tr: 100.000%
confusion matrix:
[[138117     23     24     61    285     34    180    153     81     89
     239    102     12]
 [    66  28637      2      0      0      0      0      0      0      0
       1     14      0]
 [    45      0  27724      6      1      0      0      0      0      0
       5      4      0]
 [   116      0      2  28205      1      0      0      0      0      0
      31     32      0]
 [   296      0      0      0  35346      3      7     74      1      0
      35      5      0]
 [    93      0      0      0      6  14480      0     32      5      4
       0      0      5]
 [   388      0      0      0     32      3  24149     45     42      9
      46     30      0]
 [   289      0      0      0    154     13     24  27691     26     13
      24     13      2]
 [   432      0      0      0    100      8     32     43  16888     26
      31      1      4]
 [   439      0      1      0     50      7     64     35     62  15055
      84     24      5]
 [   834      1      1     12    138      3    189    144     26     22
   24990     65      1]
 [    44      0      0     35      4      0     11      8      0      2
       3  35715      0]
 [    25      0      0      0      0     37      5     22      3      0
       0      0   7471]]
classification report:
              precision    recall  f1-score   support

           0       0.98      0.99      0.98    139400
           1       1.00      1.00      1.00     28720
           2       1.00      1.00      1.00     27785
           3       1.00      0.99      0.99     28387
           4       0.98      0.99      0.98     35767
           5       0.99      0.99      0.99     14625
           6       0.98      0.98      0.98     24744
           7       0.98      0.98      0.98     28249
          12       0.99      0.96      0.97     17565
          13       0.99      0.95      0.97     15826
          16       0.98      0.95      0.96     26426
          17       0.99      1.00      0.99     35822
          24       1.00      0.99      0.99      7563

    accuracy                           0.99    430879
   macro avg       0.99      0.98      0.98    430879
weighted avg       0.99      0.99      0.99    430879

