train time: 3316.0325899124146
accuracy te: 99.733%
accuracy tr: 100.000%
confusion matrix:
[[139147     18     16     13     55     13     10     12     30     41
      27      9      9]
 [    53  28664      3      0      0      0      0      0      0      0
       0      0      0]
 [    32      0  27749      4      0      0      0      0      0      0
       0      0      0]
 [    42      0      2  28332      0      0      0      0      0      0
       0     11      0]
 [    71      0      0      0  35673      0      0     23      0      0
       0      0      0]
 [    23      0      0      0      0  14601      0      0      0      1
       0      0      0]
 [    31      0      0      0      0      0  24710      2      0      1
       0      0      0]
 [    31      0      0      0     67      0      1  28148      1      1
       0      0      0]
 [   134      0      0      0      5      1      0      3  17415      6
       1      0      0]
 [   183      0      0      0      3      2      0      2     11  15621
       4      0      0]
 [    72      0      0      0      0      0     10      0      0      0
   26344      0      0]
 [    14      0      0     24      0      0      0      0      0      0
       0  35784      0]
 [    17      0      0      0      0      0      1      3      2      1
       0      0   7539]]
classification report:
              precision    recall  f1-score   support

           0       0.99      1.00      1.00    139400
           1       1.00      1.00      1.00     28720
           2       1.00      1.00      1.00     27785
           3       1.00      1.00      1.00     28387
           4       1.00      1.00      1.00     35767
           5       1.00      1.00      1.00     14625
           6       1.00      1.00      1.00     24744
           7       1.00      1.00      1.00     28249
          12       1.00      0.99      0.99     17565
          13       1.00      0.99      0.99     15826
          16       1.00      1.00      1.00     26426
          17       1.00      1.00      1.00     35822
          24       1.00      1.00      1.00      7563

    accuracy                           1.00    430879
   macro avg       1.00      1.00      1.00    430879
weighted avg       1.00      1.00      1.00    430879

