train time: 545.836009979248
accuracy v: 98.767%
accuracy te: 98.686%
accuracy tr: 99.835%
confusion matrix:
[[701   0   0   0   0   0   0   0   0   0   0   0]
 [  0 680   4   0   0   0   0   0   0   0   0   0]
 [  0   2 685   0   0   0   0   0   0   0   2   0]
 [  0   0   0 837   0   0   5   1   2   1   0   0]
 [  0   0   0   0 348   0   1   0   0   0   0   0]
 [  0   0   0   0   1 602   0   0   1   0   0   0]
 [  0   0   0   5   0   0 668   2   3   0   0   0]
 [  0   0   0   2   2   0   1 408  15   1   0   1]
 [  0   1   0   5   0   1   0  13 376   2   0   0]
 [  0   1   0   0   0   2   2   1   2 616   0   0]
 [  0   0   6   0   1   0   0   0   0   2 831   0]
 [  0   0   0   0   0   0   0   0   1   0   0 156]]
classification report:
              precision    recall  f1-score   support

           1       1.00      1.00      1.00       701
           2       0.99      0.99      0.99       684
           3       0.99      0.99      0.99       689
           4       0.99      0.99      0.99       846
           5       0.99      1.00      0.99       349
           6       1.00      1.00      1.00       604
           7       0.99      0.99      0.99       678
          12       0.96      0.95      0.95       430
          13       0.94      0.94      0.94       398
          16       0.99      0.99      0.99       624
          17       1.00      0.99      0.99       840
          24       0.99      0.99      0.99       157

    accuracy                           0.99      7000
   macro avg       0.98      0.99      0.98      7000
weighted avg       0.99      0.99      0.99      7000

