train time: 808.6540322303772
accuracy v: 89.100%
accuracy te: 88.943%
accuracy tr: 90.743%
confusion matrix:
[[679   0   0   4   0   0   1   2   0   7   8   0]
 [  1 655  13   2   0   0   0   0   0   9   4   0]
 [  0   3 655   2   0   0   0   0   1  16  12   0]
 [  0   2   5 788   0   2  21   6   8  14   0   0]
 [  0   0   2   4 330   1   4   3   3   1   1   0]
 [  1   0   0   2   1 572   4   6  13   3   2   0]
 [  0   0   0  15   2   4 630  10   4  12   1   0]
 [  1   0   8  42   2  11   9 298  37  19   1   2]
 [  1   0   5  28   2  33  14  51 220  36   7   1]
 [  4   4  21  34   1  13  26  16  12 467  25   1]
 [  1   0  25   0   0   4   5   3   3   6 793   0]
 [  0   0   0   0   5   0   4   7   2   0   0 139]]
classification report:
              precision    recall  f1-score   support

           1       0.99      0.97      0.98       701
           2       0.99      0.96      0.97       684
           3       0.89      0.95      0.92       689
           4       0.86      0.93      0.89       846
           5       0.96      0.95      0.95       349
           6       0.89      0.95      0.92       604
           7       0.88      0.93      0.90       678
          12       0.74      0.69      0.72       430
          13       0.73      0.55      0.63       398
          16       0.79      0.75      0.77       624
          17       0.93      0.94      0.94       840
          24       0.97      0.89      0.93       157

    accuracy                           0.89      7000
   macro avg       0.88      0.87      0.88      7000
weighted avg       0.89      0.89      0.89      7000

