train time: -1
accuracy v: 82.403%
accuracy te: 82.729%
accuracy tr: 87.387%
confusion matrix:
[[19819    24     9   527   538    34   244   193   366   212   473   396
     36]
 [  122  4583     3     1     0     0     0     1     0     2    16    18
      0]
 [  135    10  4403    75     0     0     0     0     0     0    20     6
      0]
 [  309     2     6  4159     2     0     0     0     1     5    27    47
      0]
 [  827     0     0     3  4760     4     7    96    30    15    32     5
      0]
 [  174     0     0     0     0  2095     2    10     4    14     4     0
     15]
 [  471     3     0     0    14     8  3435    20    22    46    22    13
      1]
 [  464     3     0     0    80    10    13  3906    39    22    18     4
      6]
 [ 1123     4     0     4   116    13    35    75  1302    98    40     4
      2]
 [  987     3     0     7    57     5    92    30   162  1112    61    21
      9]
 [ 1596     6    14    48    94     2    62    90    39    29  2144    99
      3]
 [  301    14     1   117     2     1    16     6     2    18    31  5155
      1]
 [  107     0     0     0     0    21     4    18     8     8     3     0
   1037]]
classification report:
              precision    recall  f1-score   support

           0       0.75      0.87      0.80     22871
           1       0.99      0.97      0.98      4746
           2       0.99      0.95      0.97      4649
           3       0.84      0.91      0.88      4558
           4       0.84      0.82      0.83      5779
           5       0.96      0.90      0.93      2318
           6       0.88      0.85      0.86      4055
           7       0.88      0.86      0.87      4565
          12       0.66      0.46      0.54      2816
          13       0.70      0.44      0.54      2546
          16       0.74      0.51      0.60      4226
          17       0.89      0.91      0.90      5665
          24       0.93      0.86      0.90      1206

    accuracy                           0.83     70000
   macro avg       0.85      0.79      0.82     70000
weighted avg       0.83      0.83      0.82     70000

