train time: 950.7867655754089
accuracy v: 86.233%
accuracy te: 85.871%
accuracy tr: 86.619%
confusion matrix:
[[661   0   0  12   0   0   0   0   1  12  15   0]
 [  0 649  17   2   0   0   0   0   0  10   6   0]
 [  0   3 636   6   0   0   1   2   1  18  22   0]
 [  0   1   7 777   0   2  28   6   5  20   0   0]
 [  0   0   2   7 325   3   4   2   4   1   1   0]
 [  2   0   0   2   1 563   8   7  12   5   4   0]
 [  0   3   0  21   2   4 617  12   2  13   4   0]
 [  4   1  10  54   2  11  17 268  37  23   2   1]
 [  1   0  13  40   2  39  15  57 182  39   9   1]
 [  3  11  29  57   0  13  38  16  11 414  31   1]
 [  2   2  27   1   0   6   3   1   2   7 789   0]
 [  0   0   0   0   8   1  10   5   3   0   0 130]]
classification report:
              precision    recall  f1-score   support

           1       0.98      0.94      0.96       701
           2       0.97      0.95      0.96       684
           3       0.86      0.92      0.89       689
           4       0.79      0.92      0.85       846
           5       0.96      0.93      0.94       349
           6       0.88      0.93      0.90       604
           7       0.83      0.91      0.87       678
          12       0.71      0.62      0.67       430
          13       0.70      0.46      0.55       398
          16       0.74      0.66      0.70       624
          17       0.89      0.94      0.92       840
          24       0.98      0.83      0.90       157

    accuracy                           0.86      7000
   macro avg       0.86      0.83      0.84      7000
weighted avg       0.86      0.86      0.85      7000

