train time: -1
accuracy v: 93.473%
accuracy te: 93.399%
accuracy tr: 96.506%
confusion matrix:
[[21501    16    13   149   275    32    68    82   285   214   123   103
     10]
 [   77  4667     0     0     0     0     0     0     0     0     2     0
      0]
 [   69     0  4533    39     0     0     0     0     0     0     8     0
      0]
 [   89     0     7  4437     0     0     0     0     0     0     5    20
      0]
 [  389     0     0     1  5346     0     0    35     2     3     2     0
      1]
 [  101     0     0     0     0  2210     0     2     0     5     0     0
      0]
 [  141     0     0     0     0     3  3896     3     2     2     8     0
      0]
 [  224     0     0     0    29     3     0  4299     5     2     2     1
      0]
 [  519     0     1     0    11    10     1     4  2233    26     6     0
      5]
 [  541     0     0     0     8     7     3     5    58  1916     4     0
      4]
 [  460     0     1     6     0     0    14     2     5     1  3724    12
      1]
 [   82     0     0    68     0     3     0     0     0     0     7  5505
      0]
 [   73     0     0     0     0    15     1     2     2     1     0     0
   1112]]
classification report:
              precision    recall  f1-score   support

           0       0.89      0.94      0.91     22871
           1       1.00      0.98      0.99      4746
           2       1.00      0.98      0.99      4649
           3       0.94      0.97      0.96      4558
           4       0.94      0.93      0.93      5779
           5       0.97      0.95      0.96      2318
           6       0.98      0.96      0.97      4055
           7       0.97      0.94      0.96      4565
          12       0.86      0.79      0.83      2816
          13       0.88      0.75      0.81      2546
          16       0.96      0.88      0.92      4226
          17       0.98      0.97      0.97      5665
          24       0.98      0.92      0.95      1206

    accuracy                           0.93     70000
   macro avg       0.95      0.92      0.93     70000
weighted avg       0.93      0.93      0.93     70000

