train time: -1
accuracy v: 83.297%
accuracy te: 83.159%
accuracy tr: 83.590%
confusion matrix:
[[19806     0    78   604  1019    62   163   168   240    89   265   373
      4]
 [  272  4447     2     0     0     2     0     0     0     0    16     7
      0]
 [  165     0  4343    99     0     0     2     0     0     0    40     0
      0]
 [  364     0     5  4096     6     0     0     0     0     0     7    80
      0]
 [  726     0     0     9  4943    14     0    78     7     1     0     1
      0]
 [  194     0     0     1     2  2114     0     4     0     3     0     0
      0]
 [  282     0     0     0     3    11  3729     7     1     2    19     1
      0]
 [  445     0     0     0   157    33     0  3906    18     1     0     5
      0]
 [ 1613     0     1     3    56    41     1    35  1036     2    28     0
      0]
 [ 1535     0     0     0    34    55    13    10    21   858    14     2
      4]
 [ 1233     0     6    15     5     2    65     5     3     4  2811    77
      0]
 [  175     0     0   112     0     4    13     0     0     0    16  5345
      0]
 [  227     0     0     0     0   187     3     3     2     7     0     0
    777]]
classification report:
              precision    recall  f1-score   support

           0       0.73      0.87      0.79     22871
           1       1.00      0.94      0.97      4746
           2       0.98      0.93      0.96      4649
           3       0.83      0.90      0.86      4558
           4       0.79      0.86      0.82      5779
           5       0.84      0.91      0.87      2318
           6       0.93      0.92      0.93      4055
           7       0.93      0.86      0.89      4565
          12       0.78      0.37      0.50      2816
          13       0.89      0.34      0.49      2546
          16       0.87      0.67      0.76      4226
          17       0.91      0.94      0.93      5665
          24       0.99      0.64      0.78      1206

    accuracy                           0.83     70000
   macro avg       0.88      0.78      0.81     70000
weighted avg       0.84      0.83      0.83     70000

