train time: 2619.4630131721497
accuracy v: 90.967%
accuracy te: 91.886%
accuracy tr: 96.952%
confusion matrix:
[[690   0   0   0   0   0   1   1   1   3   5   0]
 [  2 672   7   1   0   0   0   0   0   0   2   0]
 [  1   2 670   1   0   0   1   0   2   6   6   0]
 [  0   0   4 792   0   1  18  12   9  10   0   0]
 [  0   0   0   1 338   1   2   4   2   1   0   0]
 [  1   0   0   2   1 573   5   3  12   5   2   0]
 [  0   0   1   8   3   4 642  13   2   5   0   0]
 [  0   0   2  27   1   8   9 329  36  12   2   4]
 [  0   0   5  22   0  18  10  45 274  18   3   3]
 [  1   4  11  28   2  14  11  15  15 505  17   1]
 [  3   1  16   2   1   1   1   4   3   6 802   0]
 [  0   0   0   0   4   1   0   1   4   2   0 145]]
classification report:
              precision    recall  f1-score   support

           1       0.99      0.98      0.99       701
           2       0.99      0.98      0.99       684
           3       0.94      0.97      0.95       689
           4       0.90      0.94      0.92       846
           5       0.97      0.97      0.97       349
           6       0.92      0.95      0.94       604
           7       0.92      0.95      0.93       678
          12       0.77      0.77      0.77       430
          13       0.76      0.69      0.72       398
          16       0.88      0.81      0.84       624
          17       0.96      0.95      0.96       840
          24       0.95      0.92      0.94       157

    accuracy                           0.92      7000
   macro avg       0.91      0.91      0.91      7000
weighted avg       0.92      0.92      0.92      7000

