train time: -1
accuracy v: 94.073%
accuracy te: 94.177%
accuracy tr: 99.515%
confusion matrix:
[[21458    18    22    23   279    46    39   131   293   299   187    41
     35]
 [   43  4701     0     0     0     0     0     0     0     0     2     0
      0]
 [   47     0  4588    10     0     0     0     0     0     0     4     0
      0]
 [   56     0     4  4482     0     0     0     0     0     1     4    11
      0]
 [  391     0     0     0  5348     0     0    26     4     6     4     0
      0]
 [   43     0     0     0     0  2267     0     4     1     2     1     0
      0]
 [   89     0     0     0     0     4  3944     3     0     5     9     0
      1]
 [  195     0     0     0    33     5     0  4318     8     4     1     1
      0]
 [  491     0     0     1    11     9     3     5  2243    44     5     0
      4]
 [  463     0     0     0     5     6     2     3    45  2013     2     0
      7]
 [  280     0     2     4     2     0    10     2     7     3  3909     6
      1]
 [   67     0     0    40     0     2     1     0     0     0    15  5540
      0]
 [   68     0     0     0     0    15     0     5     1     4     0     0
   1113]]
classification report:
              precision    recall  f1-score   support

           0       0.91      0.94      0.92     22871
           1       1.00      0.99      0.99      4746
           2       0.99      0.99      0.99      4649
           3       0.98      0.98      0.98      4558
           4       0.94      0.93      0.93      5779
           5       0.96      0.98      0.97      2318
           6       0.99      0.97      0.98      4055
           7       0.96      0.95      0.95      4565
          12       0.86      0.80      0.83      2816
          13       0.85      0.79      0.82      2546
          16       0.94      0.92      0.93      4226
          17       0.99      0.98      0.98      5665
          24       0.96      0.92      0.94      1206

    accuracy                           0.94     70000
   macro avg       0.95      0.93      0.94     70000
weighted avg       0.94      0.94      0.94     70000

