train time: -1
accuracy v: 69.897%
accuracy te: 70.211%
accuracy tr: 70.171%
confusion matrix:
[[19065    71   323   849  1003    72   495   271    39    19    56   582
     26]
 [  271  4324    19    24     1     0    40     1     0     0     6    60
      0]
 [  314     2  4002   113     0     0     2     0     0     0     4   212
      0]
 [ 1318    68    68  2927     6     1     0     5     0     0     5   160
      0]
 [ 1769     0     0     3  3835     4     5   157     0     0     2     4
      0]
 [  267     0     2    19    13  1970     2    29     1     2     0     0
     13]
 [  745     1     0    14    12    15  3200    36     7    10     3    11
      1]
 [  914     0    18     0   163    51    23  3373     9     2     3     8
      1]
 [ 2256     0     0    24   218    32    16    77   173     9     3     4
      4]
 [ 1875     0     0    51    95    17   158    34    14   237    10    47
      8]
 [ 3216    11    46    78   146     8    62   119     1     3   362   173
      1]
 [  643     7    22    69     3     3    34     3     0     1     4  4876
      0]
 [  242     0     0     0     1   101     6    43     0     9     0     0
    804]]
classification report:
              precision    recall  f1-score   support

           0       0.58      0.83      0.68     22871
           1       0.96      0.91      0.94      4746
           2       0.89      0.86      0.87      4649
           3       0.70      0.64      0.67      4558
           4       0.70      0.66      0.68      5779
           5       0.87      0.85      0.86      2318
           6       0.79      0.79      0.79      4055
           7       0.81      0.74      0.77      4565
          12       0.71      0.06      0.11      2816
          13       0.81      0.09      0.17      2546
          16       0.79      0.09      0.15      4226
          17       0.79      0.86      0.83      5665
          24       0.94      0.67      0.78      1206

    accuracy                           0.70     70000
   macro avg       0.80      0.62      0.64     70000
weighted avg       0.73      0.70      0.67     70000

