train time: -1
accuracy v: 90.107%
accuracy te: 89.844%
accuracy tr: 91.666%
confusion matrix:
[[20915    15    10   294   506    31    73   104   331   185   201   198
      8]
 [  109  4631     1     0     0     0     0     0     0     0     5     0
      0]
 [  115     2  4461    58     0     0     0     0     0     0    13     0
      0]
 [  210     0     6  4281     1     0     0     0     0     0     7    53
      0]
 [  516     0     0     1  5193     2     0    56     5     4     0     1
      1]
 [  156     0     0     0     0  2153     0     2     0     5     1     0
      1]
 [  229     0     0     0     0     3  3804     3     3     3     9     0
      1]
 [  272     0     0     0    50     4     0  4225    11     1     1     1
      0]
 [  859     0     0     1    24    12     1    14  1878     9    14     0
      4]
 [  987     0     0     0    13     9     3     3    22  1500     5     0
      4]
 [  756     0     1    12     2     0    34     2     6     3  3369    40
      1]
 [  101     0     0   102     0     1     1     0     0     0    15  5445
      0]
 [  144     0     0     0     0    15     0     2     3     6     0     0
   1036]]
classification report:
              precision    recall  f1-score   support

           0       0.82      0.91      0.87     22871
           1       1.00      0.98      0.99      4746
           2       1.00      0.96      0.98      4649
           3       0.90      0.94      0.92      4558
           4       0.90      0.90      0.90      5779
           5       0.97      0.93      0.95      2318
           6       0.97      0.94      0.95      4055
           7       0.96      0.93      0.94      4565
          12       0.83      0.67      0.74      2816
          13       0.87      0.59      0.70      2546
          16       0.93      0.80      0.86      4226
          17       0.95      0.96      0.96      5665
          24       0.98      0.86      0.92      1206

    accuracy                           0.90     70000
   macro avg       0.93      0.87      0.90     70000
weighted avg       0.90      0.90      0.90     70000

